100.000000	0.004946	0.099838	0.495066	0.004984	0.500050
200.000000	0.019835	0.198689	0.480361	0.019739	0.500100
300.000000	0.044520	0.295564	0.456471	0.043679	0.500150
400.000000	0.078755	0.389496	0.424346	0.075854	0.500200
500.000000	0.122198	0.479545	0.385268	0.114982	0.500250
600.000000	0.174417	0.564812	0.340794	0.159506	0.500300
700.000000	0.234890	0.644443	0.292697	0.207653	0.500350
800.000000	0.303014	0.717643	0.242894	0.257506	0.500400
900.000000	0.378110	0.783679	0.193374	0.307077	0.500450
1000.000000	0.459427	0.841892	0.146109	0.354391	0.500500
1100.000000	0.546154	0.891697	0.102988	0.397562	0.500550
1200.000000	0.637424	0.932598	0.065731	0.434870	0.500600
1300.000000	0.732327	0.964185	0.035824	0.464826	0.500650
1400.000000	0.829913	0.986140	0.014465	0.486236	0.500700
1500.000000	0.929209	0.998243	0.002506	0.498245	0.500751
1600.000000	1.029222	1.000374	0.000427	0.500374	0.500801
1700.000000	1.128953	0.992508	0.008315	0.492536	0.500851
1800.000000	1.227406	0.974725	0.025857	0.475044	0.500901
1900.000000	1.323596	0.947200	0.052357	0.448594	0.500951
2000.000000	1.416563	0.910207	0.086762	0.414239	0.501001
2100.000000	1.505376	0.864117	0.127702	0.373349	0.501051
2200.000000	1.589148	0.809387	0.173548	0.327553	0.501101
2300.000000	1.667042	0.746564	0.222473	0.278679	0.501151
2400.000000	1.738279	0.676275	0.272528	0.228674	0.501201
2500.000000	1.802145	0.599221	0.321718	0.179533	0.501252
2600.000000	1.858003	0.516173	0.368085	0.133217	0.501302
2700.000000	1.905293	0.427958	0.409778	0.091574	0.501352
2800.000000	1.943542	0.335458	0.445136	0.056266	0.501402
2900.000000	1.972367	0.239597	0.472749	0.028703	0.501452
3000.000000	1.991478	0.141333	0.491515	0.009987	0.501502
3100.000000	2.000685	0.041646	0.500685	0.000867	0.501552
3200.000000	1.999893	-0.058467	0.499893	0.001709	0.501603
3300.000000	1.989111	-0.158005	0.489170	0.012483	0.501653
3400.000000	1.968443	-0.255975	0.468941	0.032762	0.501703
3500.000000	1.938097	-0.351397	0.440013	0.061740	0.501753
3600.000000	1.898375	-0.443317	0.403538	0.098265	0.501803
3700.000000	1.849671	-0.530816	0.360971	0.140883	0.501853
3800.000000	1.792473	-0.613021	0.314007	0.187897	0.501904
3900.000000	1.727350	-0.689108	0.264519	0.237435	0.501954
4000.000000	1.654953	-0.758317	0.214482	0.287522	0.502004
4100.000000	1.576005	-0.819956	0.165891	0.336164	0.502054
4200.000000	1.491293	-0.873407	0.120684	0.381420	0.502104
4300.000000	1.401663	-0.918137	0.080667	0.421488	0.502155
4400.000000	1.308011	-0.953697	0.047435	0.454769	0.502205
4500.000000	1.211272	-0.979732	0.022318	0.479937	0.502255
4600.000000	1.112412	-0.995979	0.006318	0.495987	0.502305
4700.000000	1.012419	-1.002276	0.000077	0.502278	0.502356
4800.000000	0.912292	-0.998558	0.003846	0.498559	0.502406
4900.000000	0.813032	-0.984863	0.017479	0.484977	0.502456
5000.000000	0.715629	-0.961325	0.040433	0.462073	0.502506
5100.000000	0.621059	-0.928179	0.071798	0.430758	0.502557
5200.000000	0.530265	-0.885755	0.110325	0.392281	0.502607
5300.000000	0.444156	-0.834477	0.154481	0.348176	0.502657
5400.000000	0.363593	-0.774855	0.202507	0.300200	0.502707
5500.000000	0.289380	-0.707485	0.252490	0.250267	0.502758
5600.000000	0.222261	-0.633038	0.302439	0.200369	0.502808
5700.000000	0.162906	-0.552259	0.350363	0.152495	0.502858
5800.000000	0.111910	-0.465953	0.394352	0.108556	0.502908
5900.000000	0.069782	-0.374983	0.432653	0.070306	0.502959
6000.000000	0.036945	-0.280257	0.463737	0.039272	0.503009
6100.000000	0.013728	-0.182721	0.486366	0.016693	0.503059
6200.000000	0.000364	-0.083349	0.499636	0.003474	0.503110
6300.000000	-0.003013	0.016865	0.503018	0.000142	0.503160
6400.000000	0.003632	0.116921	0.496375	0.006835	0.503210
6500.000000	0.020233	0.215818	0.479972	0.023289	0.503261
6600.000000	0.046626	0.312569	0.454461	0.048850	0.503311
6700.000000	0.082548	0.406206	0.420859	0.082502	0.503361
6800.000000	0.127640	0.495794	0.380506	0.122906	0.503412
6900.000000	0.181454	0.580437	0.335008	0.168454	0.503462
7000.000000	0.243453	0.659288	0.286182	0.217331	0.503512
7100.000000	0.313017	0.731560	0.235973	0.267590	0.503563
7200.000000	0.389453	0.796529	0.186384	0.317229	0.503613
7300.000000	0.471997	0.853545	0.139394	0.364270	0.503663
7400.000000	0.559825	0.902038	0.096877	0.406837	0.503714
7500.000000	0.652060	0.941523	0.060531	0.443233	0.503764
7600.000000	0.747781	0.971604	0.031807	0.472007	0.503814
7700.000000	0.846032	0.991980	0.011853	0.492012	0.503865
7800.000000	0.945831	1.002445	0.001467	0.502448	0.503915
7900.000000	1.046182	1.002895	0.001066	0.502899	0.503966
8000.000000	1.146081	0.993324	0.010670	0.493346	0.504016
8100.000000	1.244530	0.973826	0.029897	0.474169	0.504066
8200.000000	1.340546	0.944596	0.057986	0.446131	0.504117
8300.000000	1.433168	0.905925	0.093817	0.410350	0.504167
8400.000000	1.521472	0.858197	0.135966	0.368251	0.504218
8500.000000	1.604574	0.801890	0.182755	0.321513	0.504268
8600.000000	1.681643	0.737564	0.232318	0.272000	0.504319
8700.000000	1.751908	0.665862	0.282683	0.221686	0.504369
8800.000000	1.814668	0.587499	0.331842	0.172577	0.504419
8900.000000	1.869293	0.503258	0.377836	0.126634	0.504470
9000.000000	1.915238	0.413980	0.418831	0.085690	0.504520
9100.000000	1.952043	0.320556	0.453193	0.051378	0.504571
9200.000000	1.979338	0.223921	0.479551	0.025070	0.504621
9300.000000	1.996850	0.125038	0.496854	0.007817	0.504672
9400.000000	2.004403	0.024895	0.504412	0.000310	0.504722
9500.000000	2.001920	-0.075506	0.501922	0.002851	0.504773
9600.000000	1.989426	-0.175162	0.489482	0.015341	0.504823
9700.000000	1.967045	-0.273079	0.467588	0.037286	0.504874
9800.000000	1.934998	-0.368276	0.437110	0.067814	0.504924
9900.000000	1.893605	-0.459803	0.399265	0.105710	0.504975
10000.000000	1.843279	-0.546745	0.355560	0.149465	0.505025
10100.000000	1.784522	-0.628233	0.307737	0.197338	0.505076
10200.000000	1.717920	-0.703451	0.257705	0.247421	0.505126
10300.000000	1.644138	-0.771647	0.207457	0.297720	0.505177
10400.000000	1.563912	-0.832140	0.158998	0.346229	0.505227
10500.000000	1.478043	-0.884325	0.114263	0.391015	0.505278
10600.000000	1.387389	-0.927678	0.075035	0.430293	0.505328
10700.000000	1.292855	-0.961766	0.042882	0.462497	0.505379
10800.000000	1.195386	-0.986247	0.019088	0.486341	0.505429
10900.000000	1.095954	-1.000876	0.004604	0.500876	0.505480
11000.000000	0.995554	-1.005505	0.000010	0.505520	0.505530
11100.000000	0.895188	-1.000088	0.005493	0.500088	0.505581
11200.000000	0.795859	-0.984677	0.020837	0.484795	0.505631
11300.000000	0.698560	-0.959426	0.045433	0.460249	0.505682
11400.000000	0.604263	-0.924585	0.078304	0.427429	0.505733
11500.000000	0.513912	-0.880502	0.118141	0.387642	0.505783
11600.000000	0.428408	-0.827617	0.163359	0.342475	0.505834
11700.000000	0.348607	-0.766457	0.212156	0.293728	0.505884
11800.000000	0.275307	-0.697632	0.262590	0.243345	0.505935
11900.000000	0.209241	-0.621829	0.312650	0.193336	0.505986
12000.000000	0.151070	-0.539805	0.360341	0.145695	0.506036
12100.000000	0.101375	-0.452380	0.403763	0.102324	0.506087
12200.000000	0.060655	-0.360425	0.441184	0.064953	0.506137
12300.000000	0.029317	-0.264860	0.471113	0.035075	0.506188
12400.000000	0.007675	-0.166638	0.492354	0.013884	0.506239
12500.000000	-0.004054	-0.066742	0.504062	0.002227	0.506289
12600.000000	-0.005751	0.033831	0.505768	0.000572	0.506340
12700.000000	0.002601	0.134077	0.497402	0.008988	0.506390
12800.000000	0.020920	0.232992	0.479298	0.027143	0.506441
12900.000000	0.049025	0.329589	0.452177	0.054315	0.506492
13000.000000	0.086634	0.422903	0.417119	0.089423	0.506542
13100.000000	0.133373	0.512000	0.375521	0.131072	0.506593
13200.000000	0.188777	0.595991	0.329041	0.177602	0.506644
13300.000000	0.252292	0.674034	0.279534	0.227161	0.506694
13400.000000	0.323285	0.745350	0.228972	0.277773	0.506745
13500.000000	0.401046	0.809226	0.179373	0.327423	0.506796
13600.000000	0.484801	0.865022	0.132715	0.374131	0.506846
13700.000000	0.573711	0.912180	0.090861	0.416036	0.506897
13800.000000	0.666890	0.950228	0.055481	0.451467	0.506948
13900.000000	0.763407	0.978785	0.027988	0.479010	0.506999
14000.000000	0.862298	0.997565	0.009481	0.497568	0.507049
14100.000000	0.962574	1.006379	0.000700	0.506400	0.507100
14200.000000	1.063234	1.005138	0.001999	0.505151	0.507151
14300.000000	1.163273	0.993853	0.013329	0.493872	0.507201
14400.000000	1.261690	0.972637	0.034241	0.473011	0.507252
14500.000000	1.357502	0.941699	0.063904	0.443399	0.507303
14600.000000	1.449752	0.901349	0.101138	0.406215	0.507354
14700.000000	1.537517	0.851989	0.144462	0.362942	0.507404
14800.000000	1.619919	0.794110	0.192150	0.315305	0.507455
14900.000000	1.696136	0.728290	0.242302	0.265203	0.507506
15000.000000	1.765404	0.655187	0.292921	0.214635	0.507557
15100.000000	1.827031	0.575530	0.341990	0.165617	0.507607
15200.000000	1.880400	0.490114	0.387552	0.120106	0.507658
15300.000000	1.924978	0.399792	0.427792	0.079917	0.507709
15400.000000	1.960317	0.305466	0.461105	0.046655	0.507760
15500.000000	1.986065	0.208079	0.486162	0.021648	0.507810
15600.000000	2.001962	0.108603	0.501964	0.005897	0.507861
15700.000000	2.007849	0.008031	0.507880	0.000032	0.507912
15800.000000	2.003666	-0.092631	0.503673	0.004290	0.507963
15900.000000	1.989454	-0.192377	0.489509	0.018504	0.508014
16000.000000	1.965353	-0.290211	0.465953	0.042111	0.508064
16100.000000	1.931604	-0.385155	0.433943	0.074172	0.508115
16200.000000	1.888543	-0.476259	0.394754	0.113411	0.508166
16300.000000	1.836599	-0.562614	0.349949	0.158268	0.508217
16400.000000	1.776291	-0.643356	0.301314	0.206954	0.508268
16500.000000	1.708220	-0.717678	0.250788	0.257531	0.508318
16600.000000	1.633065	-0.784836	0.200386	0.307984	0.508369
16700.000000	1.551577	-0.844158	0.152119	0.356301	0.508420
16800.000000	1.464570	-0.895051	0.107912	0.400558	0.508471
16900.000000	1.372911	-0.937006	0.069531	0.438990	0.508522
17000.000000	1.277518	-0.969603	0.038508	0.470065	0.508573
17100.000000	1.179342	-0.992514	0.016082	0.492542	0.508624
17200.000000	1.079364	-1.005510	0.003149	0.505525	0.508674
17300.000000	0.978582	-1.008460	0.000229	0.508496	0.508725
17400.000000	0.878005	-1.001334	0.007441	0.501335	0.508776
17500.000000	0.778637	-0.984201	0.024501	0.484326	0.508827
17600.000000	0.681471	-0.957233	0.050730	0.458148	0.508878
17700.000000	0.587478	-0.920697	0.085087	0.423842	0.508929
17800.000000	0.497597	-0.874958	0.126204	0.382775	0.508980
17900.000000	0.412728	-0.820471	0.172444	0.336586	0.509031
18000.000000	0.333718	-0.757781	0.221966	0.287116	0.509081
18100.000000	0.261358	-0.687512	0.272796	0.236336	0.509132
18200.000000	0.196371	-0.610367	0.322909	0.186274	0.509183
18300.000000	0.139408	-0.527115	0.370309	0.138925	0.509234
18400.000000	0.091038	-0.438588	0.413106	0.096180	0.509285
18500.000000	0.051746	-0.345669	0.449593	0.059744	0.509336
18600.000000	0.021925	-0.249287	0.478315	0.031072	0.509387
18700.000000	0.001875	-0.150405	0.498127	0.011311	0.509438
18800.000000	-0.008205	-0.050010	0.508238	0.001250	0.509489
18900.000000	-0.008211	0.050895	0.508245	0.001295	0.509540
19000.000000	0.001857	0.151302	0.498145	0.011446	0.509591
19100.000000	0.021900	0.250206	0.478340	0.031302	0.509642
19200.000000	0.051718	0.346621	0.449620	0.060073	0.509693
19300.000000	0.091014	0.439581	0.413128	0.096616	0.509744
19400.000000	0.139397	0.528159	0.370319	0.139476	0.509795
19500.000000	0.196384	0.611468	0.322899	0.186946	0.509846
19600.000000	0.261407	0.688675	0.272760	0.237137	0.509897
19700.000000	0.333816	0.759009	0.221901	0.288047	0.509948
19800.000000	0.412889	0.821765	0.172350	0.337649	0.509999
19900.000000	0.497837	0.876317	0.126084	0.383966	0.510050
20000.000000	0.587810	0.922118	0.084950	0.425151	0.510101
20100.000000	0.681912	0.958709	0.050590	0.459562	0.510152
20200.000000	0.779201	0.985725	0.024376	0.485827	0.510203
20300.000000	0.878706	1.002893	0.007356	0.502898	0.510254
20400.000000	0.979434	1.010043	0.000211	0.510093	0.510305
20500.000000	1.080376	1.007100	0.003230	0.507126	0.510356
20600.000000	1.180526	0.994095	0.016295	0.494112	0.510407
20700.000000	1.278882	0.971154	0.038888	0.471570	0.510458
20800.000000	1.374461	0.938508	0.070111	0.440398	0.510509
20900.000000	1.466308	0.896480	0.108722	0.401838	0.510560
21000.000000	1.553505	0.845491	0.153184	0.357427	0.510611
21100.000000	1.635180	0.786048	0.201727	0.308936	0.510662
21200.000000	1.710516	0.718745	0.252416	0.258297	0.510713
21300.000000	1.778760	0.644253	0.303233	0.207531	0.510764
21400.000000	1.839229	0.563316	0.352153	0.158663	0.510815
21500.000000	1.891319	0.476743	0.397225	0.113642	0.510866
21600.000000	1.934507	0.385397	0.436652	0.074265	0.510917
21700.000000	1.968363	0.290191	0.468863	0.042105	0.510969
21800.000000	1.992545	0.192076	0.492573	0.018447	0.511020
21900.000000	2.006813	0.092032	0.506836	0.004235	0.511071
22000.000000	2.011021	-0.008942	0.511082	0.000040	0.511122
22100.000000	2.005128	-0.109836	0.505141	0.006032	0.511173
22200.000000	1.989191	-0.209643	0.489249	0.021975	0.511224
22300.000000	1.963367	-0.307366	0.464038	0.047237	0.511275
22400.000000	1.927916	-0.402026	0.430514	0.080813	0.511326
22500.000000	1.883188	-0.492680	0.390011	0.121367	0.511378
22600.000000	1.829632	-0.578419	0.344144	0.167284	0.511429
22700.000000	1.767780	-0.658387	0.294743	0.216737	0.511480
22800.000000	1.698250	-0.731784	0.243777	0.267754	0.511531
22900.000000	1.621736	-0.797877	0.193278	0.318304	0.511582
23000.000000	1.539003	-0.856004	0.145262	0.366371	0.511633
23100.000000	1.450875	-0.905583	0.101644	0.410041	0.511684
23200.000000	1.358233	-0.946119	0.064165	0.447570	0.511736
23300.000000	1.262002	-0.977205	0.034322	0.477464	0.511787
23400.000000	1.163143	-0.998529	0.013308	0.498530	0.511838
23500.000000	1.062645	-1.009878	0.001962	0.509927	0.511889
23600.000000	0.961510	-1.011138	0.000741	0.511200	0.511940
23700.000000	0.860750	-1.002294	0.009695	0.502296	0.511992
23800.000000	0.761372	-0.983434	0.028472	0.483571	0.512043
23900.000000	0.664368	-0.954745	0.056325	0.455769	0.512094
24000.000000	0.570708	-0.916514	0.092146	0.419999	0.512145
24100.000000	0.481328	-0.869121	0.134511	0.377686	0.512196
24200.000000	0.397121	-0.813039	0.181731	0.330516	0.512248
24300.000000	0.318931	-0.748827	0.231928	0.280371	0.512299
24400.000000	0.247538	-0.677127	0.283100	0.229250	0.512350
24500.000000	0.183656	-0.598653	0.333209	0.179193	0.512401
24600.000000	0.127925	-0.514189	0.380257	0.132195	0.512453
24700.000000	0.080903	-0.424580	0.422370	0.090134	0.512504
24800.000000	0.043059	-0.330719	0.457868	0.054687	0.512555
24900.000000	0.014774	-0.233543	0.485335	0.027271	0.512606
25000.000000	-0.003669	-0.134025	0.503676	0.008981	0.512658
25100.000000	-0.012086	-0.033157	0.512159	0.000550	0.512709
25200.000000	-0.010391	0.068052	0.510445	0.002316	0.512760
25300.000000	0.001401	0.168591	0.498600	0.014211	0.512811
25400.000000	0.023172	0.267456	0.477096	0.035766	0.512863
25500.000000	0.054706	0.363658	0.446791	0.066123	0.512914
25600.000000	0.095688	0.456236	0.408890	0.104075	0.512965
25700.000000	0.145711	0.544264	0.364905	0.148112	0.513017
25800.000000	0.204275	0.626863	0.316589	0.196479	0.513068
25900.000000	0.270795	0.703206	0.265870	0.247250	0.513119
26000.000000	0.344609	0.772531	0.214769	0.298402	0.513170
26100.000000	0.424979	0.834143	0.165325	0.347897	0.513222
26200.000000	0.511103	0.887426	0.119510	0.393763	0.513273
26300.000000	0.602120	0.931848	0.079154	0.434170	0.513324
26400.000000	0.697122	0.966962	0.045868	0.467508	0.513376
26500.000000	0.795160	0.992419	0.020980	0.492447	0.513427
26600.000000	0.895255	1.007961	0.005486	0.507993	0.513478
26700.000000	0.996406	1.013433	0.000006	0.513523	0.513530
26800.000000	1.097603	1.008779	0.004763	0.508818	0.513581
26900.000000	1.197835	0.994045	0.019569	0.494063	0.513633
27000.000000	1.296101	0.969377	0.043838	0.469846	0.513684
27100.000000	1.391417	0.935020	0.076604	0.437132	0.513735
27200.000000	1.482832	0.891317	0.116563	0.397223	0.513787
27300.000000	1.569432	0.838704	0.162126	0.351712	0.513838
27400.000000	1.650350	0.777704	0.211478	0.302412	0.513889
27500.000000	1.724778	0.708928	0.262652	0.251289	0.513941
27600.000000	1.791971	0.633061	0.313609	0.200383	0.513992
27700.000000	1.851258	0.550860	0.362320	0.151724	0.514044
27800.000000	1.902045	0.463147	0.406842	0.107253	0.514095
27900.000000	1.943823	0.370798	0.445401	0.068746	0.514146
28000.000000	1.976175	0.274734	0.476458	0.037739	0.514198
28100.000000	1.998775	0.175916	0.498776	0.015473	0.514249
28200.000000	2.011398	0.075330	0.511463	0.002837	0.514301
28300.000000	2.013917	-0.026019	0.514014	0.000339	0.514352
28400.000000	2.006304	-0.127119	0.506324	0.008080	0.514404
28500.000000	1.988636	-0.226958	0.488700	0.025755	0.514455
28600.000000	1.961087	-0.324539	0.461844	0.052663	0.514506
28700.000000	1.923932	-0.418887	0.426825	0.087733	0.514558
28800.000000	1.877541	-0.509059	0.385039	0.129570	0.514609
28900.000000	1.822377	-0.594153	0.338152	0.176509	0.514661
29000.000000	1.758990	-0.673319	0.288033	0.226679	0.514712
29100.000000	1.688013	-0.745765	0.236681	0.278083	0.514764
29200.000000	1.610154	-0.810767	0.186144	0.328671	0.514815
29300.000000	1.526190	-0.867673	0.138438	0.376429	0.514867
29400.000000	1.436961	-0.915916	0.095467	0.419451	0.514918
29500.000000	1.343356	-0.955011	0.058947	0.456023	0.514970
29600.000000	1.246311	-0.984568	0.030334	0.484687	0.515021
29700.000000	1.146795	-1.004289	0.010774	0.504298	0.515073
29800.000000	1.045802	-1.013978	0.001049	0.514075	0.515124
29900.000000	0.944342	-1.013535	0.001549	0.513627	0.515176
30000.000000	0.843427	-1.002965	0.012257	0.502970	0.515227
30100.000000	0.744067	-0.982373	0.032751	0.482528	0.515279
30200.000000	0.647255	-0.951962	0.062215	0.453116	0.515330
30300.000000	0.553957	-0.912036	0.099477	0.415905	0.515382
30400.000000	0.465107	-0.862993	0.143055	0.372378	0.515433
30500.000000	0.381593	-0.805321	0.191214	0.324271	0.515485
30600.000000	0.304250	-0.739597	0.242034	0.273502	0.515536
30700.000000	0.233851	-0.666477	0.293492	0.222096	0.515588
30800.000000	0.171100	-0.586689	0.343537	0.172102	0.515640
30900.000000	0.116626	-0.501031	0.390175	0.125516	0.515691
31000.000000	0.070973	-0.410359	0.431546	0.084197	0.515743
31100.000000	0.034598	-0.315576	0.466000	0.049794	0.515794
31200.000000	0.007867	-0.217631	0.492164	0.023682	0.515846
31300.000000	-0.008954	-0.117502	0.508994	0.006903	0.515897
31400.000000	-0.015695	-0.016189	0.515818	0.000131	0.515949
31500.000000	-0.012287	0.085297	0.512363	0.003638	0.516001
31600.000000	0.001235	0.185940	0.498765	0.017287	0.516052
31700.000000	0.024739	0.284736	0.475567	0.040537	0.516104
31800.000000	0.057991	0.380696	0.443691	0.072465	0.516156
31900.000000	0.100658	0.472861	0.404408	0.111799	0.516207
32000.000000	0.152316	0.560311	0.359284	0.156974	0.516259
32100.000000	0.212449	0.642171	0.310118	0.206192	0.516310
32200.000000	0.280458	0.717623	0.258871	0.257491	0.516362
32300.000000	0.355663	0.785912	0.207585	0.308829	0.516414
32400.000000	0.437314	0.846354	0.158308	0.358158	0.516465
32500.000000	0.524596	0.898345	0.113005	0.403512	0.516517
32600.000000	0.616636	0.941366	0.073484	0.443085	0.516569
32700.000000	0.712517	0.974984	0.041323	0.475297	0.516620
32800.000000	0.811280	0.998864	0.017808	0.498864	0.516672
32900.000000	0.911938	1.012765	0.003877	0.512846	0.516724
33000.000000	1.013486	1.016547	0.000091	0.516684	0.516775
33100.000000	1.114910	1.010173	0.006602	0.510225	0.516827
33200.000000	1.215196	0.993704	0.023155	0.493724	0.516879
33300.000000	1.313341	0.967304	0.049091	0.467839	0.516930
33400.000000	1.408366	0.931237	0.083381	0.433601	0.516982
33500.000000	1.499319	0.885860	0.124660	0.392374	0.517034
33600.000000	1.585292	0.831627	0.171283	0.345802	0.517085
33700.000000	1.665426	0.769079	0.221396	0.295742	0.517137
33800.000000	1.738918	0.698840	0.273000	0.244189	0.517189
33900.000000	1.805034	0.621612	0.324040	0.193200	0.517241
34000.000000	1.863113	0.538164	0.372482	0.144810	0.517292
34100.000000	1.912574	0.449330	0.416395	0.100949	0.517344
34200.000000	1.952920	0.355998	0.454029	0.063367	0.517396
34300.000000	1.983749	0.259099	0.483881	0.033566	0.517448
34400.000000	2.004752	0.159602	0.504763	0.012736	0.517499
34500.000000	2.015716	0.058499	0.515840	0.001711	0.517551
34600.000000	2.016533	-0.043197	0.516670	0.000933	0.517603
34700.000000	2.007192	-0.144473	0.507218	0.010436	0.517655
34800.000000	1.987787	-0.244315	0.487861	0.029845	0.517706
34900.000000	1.958509	-0.341725	0.459370	0.058388	0.517758
35000.000000	1.919651	-0.435731	0.422879	0.094931	0.517810
35100.000000	1.871600	-0.525392	0.379843	0.138019	0.517862
35200.000000	1.814834	-0.609813	0.331978	0.185936	0.517913
35300.000000	1.749921	-0.688148	0.281191	0.236774	0.517965
35400.000000	1.677509	-0.759616	0.229509	0.288508	0.518017
35500.000000	1.598319	-0.823500	0.178993	0.339076	0.518069
35600.000000	1.513143	-0.879162	0.131658	0.386463	0.518121
35700.000000	1.422830	-0.926045	0.089393	0.428780	0.518172
35800.000000	1.328284	-0.963679	0.053885	0.464339	0.518224
35900.000000	1.230448	-0.991688	0.026553	0.491723	0.518276
36000.000000	1.130300	-1.009791	0.008489	0.509839	0.518328
36100.000000	1.028840	-1.017805	0.000416	0.517964	0.518380
36200.000000	0.927081	-1.015651	0.002659	0.515773	0.518432
36300.000000	0.826041	-1.003347	0.015131	0.503353	0.518483
36400.000000	0.726729	-0.981016	0.037339	0.481197	0.518535
36500.000000	0.630137	-0.948881	0.068399	0.450188	0.518587
36600.000000	0.537232	-0.907262	0.107077	0.411562	0.518639
36700.000000	0.448941	-0.856572	0.151833	0.366858	0.518691
36800.000000	0.366148	-0.797319	0.200884	0.317859	0.518743
36900.000000	0.289680	-0.730092	0.252277	0.266517	0.518795
37000.000000	0.220302	-0.655564	0.303964	0.214882	0.518847
37100.000000	0.158708	-0.574478	0.353886	0.165012	0.518898
37200.000000	0.105514	-0.487643	0.400052	0.118898	0.518950
37300.000000	0.061253	-0.395927	0.440623	0.078379	0.519002
37400.000000	0.026367	-0.300246	0.473980	0.045074	0.519054
37500.000000	0.001207	-0.201555	0.498794	0.020312	0.519106
37600.000000	-0.013976	-0.100840	0.514074	0.005084	0.519158
37700.000000	-0.019028	0.000892	0.519209	0.000000	0.519210
37800.000000	-0.013899	0.102626	0.513996	0.005266	0.519262
37900.000000	0.001362	0.203344	0.498639	0.020674	0.519314
38000.000000	0.026603	0.302041	0.473751	0.045614	0.519366
38100.000000	0.061572	0.397730	0.440323	0.079094	0.519418
38200.000000	0.105923	0.489453	0.399687	0.119782	0.519469
38300.000000	0.159211	0.576296	0.353463	0.166058	0.519521
38400.000000	0.220906	0.657388	0.303494	0.216080	0.519573
38500.000000	0.290392	0.731920	0.251772	0.267854	0.519625
38600.000000	0.366976	0.799146	0.200360	0.319317	0.519677
38700.000000	0.449892	0.858394	0.151309	0.368420	0.519729
38800.000000	0.538314	0.909070	0.106577	0.413204	0.519781
38900.000000	0.631357	0.950668	0.067949	0.451885	0.519833
39000.000000	0.728094	0.982770	0.036967	0.482919	0.519885
39100.000000	0.827557	1.005056	0.014868	0.505069	0.519937
39200.000000	0.928753	1.017301	0.002538	0.517451	0.519989
39300.000000	1.030671	1.019383	0.000470	0.519571	0.520041
39400.000000	1.132293	1.011279	0.008751	0.511343	0.520093
39500.000000	1.232603	0.993069	0.027052	0.493093	0.520145
39600.000000	1.330599	0.964935	0.054648	0.465549	0.520197
39700.000000	1.425301	0.927156	0.090441	0.429809	0.520249
39800.000000	1.515763	0.880108	0.133006	0.387295	0.520301
39900.000000	1.601081	0.824262	0.180649	0.339704	0.520353
40000.000000	1.680401	0.760175	0.231473	0.288933	0.520405
40100.000000	1.752930	0.688484	0.283452	0.237005	0.520457
40200.000000	1.817943	0.609908	0.334516	0.185994	0.520509
40300.000000	1.874790	0.525229	0.382629	0.137933	0.520562
40400.000000	1.922901	0.435294	0.425873	0.094740	0.520614
40500.000000	1.961795	0.341000	0.462525	0.058140	0.520666
40600.000000	1.991083	0.243289	0.491123	0.029595	0.520718
40700.000000	2.010471	0.143138	0.510526	0.010244	0.520770
40800.000000	2.019764	0.041546	0.519959	0.000863	0.520822
40900.000000	2.018868	-0.060471	0.519046	0.001828	0.520874
41000.000000	2.007791	-0.161894	0.507821	0.013105	0.520926
41100.000000	1.986643	-0.261710	0.486732	0.034246	0.520978
41200.000000	1.955634	-0.358920	0.456618	0.064412	0.521030
41300.000000	1.915074	-0.452554	0.418680	0.102402	0.521082
41400.000000	1.865365	-0.541675	0.374429	0.146706	0.521134
41500.000000	1.807005	-0.625392	0.325629	0.195558	0.521187
41600.000000	1.740576	-0.702869	0.274226	0.247013	0.521239
41700.000000	1.666739	-0.773331	0.222271	0.299020	0.521291
41800.000000	1.586233	-0.836072	0.171835	0.349508	0.521343
41900.000000	1.499862	-0.890465	0.124931	0.396464	0.521395
42000.000000	1.408487	-0.935966	0.083431	0.438016	0.521447
42100.000000	1.313021	-0.972120	0.048991	0.472508	0.521499
42200.000000	1.214418	-0.998563	0.022988	0.498564	0.521552
42300.000000	1.113663	-1.015031	0.006460	0.515144	0.521604
42400.000000	1.011761	-1.021359	0.000069	0.521587	0.521656
42500.000000	0.909732	-1.017481	0.004074	0.517634	0.521708
42600.000000	0.808595	-1.003436	0.018318	0.503442	0.521760
42700.000000	0.709361	-0.979364	0.042236	0.479577	0.521812
42800.000000	0.613020	-0.945503	0.074877	0.446988	0.521865
42900.000000	0.520537	-0.902191	0.114943	0.406974	0.521917
43000.000000	0.432835	-0.849860	0.160838	0.361131	0.521969
43100.000000	0.350791	-0.789031	0.210736	0.311285	0.522021
43200.000000	0.275227	-0.720313	0.262648	0.259425	0.522073
43300.000000	0.206897	-0.644390	0.314506	0.207619	0.522126
43400.000000	0.146485	-0.562021	0.364244	0.157934	0.522178
43500.000000	0.094595	-0.474027	0.409879	0.112351	0.522230
43600.000000	0.051747	-0.381288	0.449592	0.072690	0.522282
43700.000000	0.018370	-0.284730	0.481799	0.040536	0.522334
43800.000000	-0.005202	-0.185318	0.505215	0.017171	0.522387
43900.000000	-0.018732	-0.084044	0.518907	0.003532	0.522439
44000.000000	-0.022084	0.018081	0.522328	0.000163	0.522491
44100.000000	-0.015223	0.120034	0.515339	0.007204	0.522543
44200.000000	0.001782	0.220799	0.498220	0.024376	0.522596
44300.000000	0.028763	0.319367	0.471650	0.050998	0.522648
44400.000000	0.065452	0.414754	0.436690	0.086011	0.522700
44500.000000	0.111483	0.506007	0.394731	0.128021	0.522752
44600.000000	0.166397	0.592212	0.347447	0.175358	0.522805
44700.000000	0.229645	0.672509	0.296723	0.226134	0.522857
44800.000000	0.300598	0.746093	0.244582	0.278328	0.522909
44900.000000	0.378546	0.812230	0.193103	0.329859	0.522962
45000.000000	0.462711	0.870258	0.144340	0.378674	0.523014
45100.000000	0.552254	0.919595	0.100238	0.422828	0.523066
45200.000000	0.646279	0.959749	0.062559	0.460559	0.523119
45300.000000	0.743849	0.990317	0.032807	0.490364	0.523171
45400.000000	0.843987	1.010993	0.012170	0.511053	0.523223
45500.000000	0.945695	1.021568	0.001475	0.521801	0.523275
45600.000000	1.047955	1.021937	0.001150	0.522178	0.523328
45700.000000	1.149747	1.012095	0.011212	0.512168	0.523380
45800.000000	1.250052	0.992139	0.031263	0.492170	0.523432
45900.000000	1.347869	0.962267	0.060506	0.462979	0.523485
46000.000000	1.442219	0.922777	0.097779	0.425758	0.523537
46100.000000	1.532160	0.874062	0.141597	0.381992	0.523590
46200.000000	1.616793	0.816609	0.190217	0.333425	0.523642
46300.000000	1.695271	0.750990	0.241701	0.281993	0.523694
46400.000000	1.766810	0.677861	0.293999	0.229748	0.523747
46500.000000	1.830694	0.597951	0.345026	0.178773	0.523799
46600.000000	1.886284	0.512059	0.392749	0.131102	0.523851
46700.000000	1.933023	0.421041	0.435266	0.088638	0.523904
46800.000000	1.970444	0.325807	0.470881	0.053075	0.523956
46900.000000	1.998173	0.227308	0.498174	0.025834	0.524009
47000.000000	2.015930	0.126527	0.516056	0.008005	0.524061
47100.000000	2.023537	0.024473	0.523814	0.000299	0.524113
47200.000000	2.020918	-0.077836	0.521137	0.003029	0.524166
47300.000000	2.008097	-0.179378	0.508130	0.016088	0.524218
47400.000000	1.985202	-0.279138	0.485312	0.038959	0.524271
47500.000000	1.952461	-0.376118	0.453591	0.070732	0.524323
47600.000000	1.910199	-0.469350	0.414231	0.110145	0.524376
47700.000000	1.858838	-0.557901	0.368801	0.155627	0.524428
47800.000000	1.798890	-0.640887	0.319112	0.205368	0.524480
47900.000000	1.730953	-0.717477	0.267146	0.257386	0.524533
48000.000000	1.655706	-0.786905	0.214975	0.309610	0.524585
48100.000000	1.573900	-0.848478	0.164680	0.359957	0.524638
48200.000000	1.486351	-0.901578	0.118268	0.406422	0.524690
48300.000000	1.393933	-0.945676	0.077592	0.447151	0.524743
48400.000000	1.297570	-0.980328	0.044274	0.480521	0.524795
48500.000000	1.198224	-1.005188	0.019646	0.505201	0.524848
48600.000000	1.096887	-1.020007	0.004694	0.520207	0.524900
48700.000000	0.994572	-1.024634	0.000015	0.524938	0.524953
48800.000000	0.892301	-1.019025	0.005800	0.519206	0.525005
48900.000000	0.791096	-1.003232	0.021820	0.503237	0.525058
49000.000000	0.691968	-0.977413	0.047442	0.477668	0.525110
49100.000000	0.595908	-0.941825	0.081645	0.443518	0.525163
49200.000000	0.503877	-0.896823	0.123069	0.402146	0.525215
49300.000000	0.416793	-0.842855	0.170065	0.355203	0.525268
49400.000000	0.335528	-0.780460	0.220761	0.304559	0.525320
49500.000000	0.260895	-0.710260	0.273138	0.252235	0.525373
49600.000000	0.193639	-0.632956	0.325109	0.200317	0.525425
49700.000000	0.134434	-0.549320	0.374602	0.150876	0.525478
49800.000000	0.083872	-0.460186	0.419645	0.105886	0.525530
49900.000000	0.042459	-0.366445	0.458442	0.067141	0.525583
50000.000000	0.010610	-0.269033	0.489446	0.036189	0.525636
50100.000000	-0.011356	-0.168924	0.511420	0.014268	0.525688
50200.000000	-0.023219	-0.067116	0.523488	0.002252	0.525741
50300.000000	-0.024859	0.035372	0.525168	0.000626	0.525793
50400.000000	-0.016258	0.137518	0.516390	0.009456	0.525846
50500.000000	0.002498	0.238299	0.497505	0.028393	0.525898
50600.000000	0.031223	0.336709	0.469264	0.056687	0.525951
50700.000000	0.069631	0.431765	0.432793	0.093211	0.526004
50800.000000	0.117340	0.522516	0.389545	0.136512	0.526056
50900.000000	0.173873	0.608055	0.341243	0.184866	0.526109
51000.000000	0.238666	0.687527	0.289815	0.236347	0.526161
51100.000000	0.311073	0.760137	0.237310	0.288904	0.526214
51200.000000	0.390371	0.825158	0.185824	0.340443	0.526267
51300.000000	0.475769	0.881941	0.137409	0.388910	0.526319
51400.000000	0.566414	0.929918	0.093999	0.432373	0.526372
51500.000000	0.661400	0.968607	0.057325	0.469099	0.526425
51600.000000	0.759778	0.997621	0.028853	0.497624	0.526477
51700.000000	0.860567	1.016670	0.009721	0.516809	0.526530
51800.000000	0.962760	1.025562	0.000693	0.525889	0.526583
51900.000000	1.065334	1.024208	0.002134	0.524501	0.526635
52000.000000	1.167267	1.012619	0.013989	0.512699	0.526688
52100.000000	1.267537	0.990911	0.035788	0.490952	0.526741
52200.000000	1.365145	0.959299	0.066666	0.460128	0.526793
52300.000000	1.459114	0.918099	0.105393	0.421453	0.526846
52400.000000	1.548505	0.867721	0.150429	0.376470	0.526899
52500.000000	1.632424	0.808667	0.199980	0.326971	0.526951
52600.000000	1.710032	0.741527	0.252072	0.274931	0.527004
52700.000000	1.780553	0.666971	0.304631	0.222425	0.527057
52800.000000	1.843281	0.585743	0.355562	0.171548	0.527109
52900.000000	1.897590	0.498654	0.402834	0.124328	0.527162
53000.000000	1.942935	0.406574	0.444564	0.082651	0.527215
53100.000000	1.978863	0.310422	0.479087	0.048181	0.527268
53200.000000	2.005014	0.211159	0.505026	0.022294	0.527320
53300.000000	2.021125	0.109775	0.521348	0.006025	0.527373
53400.000000	2.027034	0.007285	0.527399	0.000027	0.527426
53500.000000	2.022681	-0.095289	0.522939	0.004540	0.527478
53600.000000	2.008110	-0.196920	0.508142	0.019389	0.527531
53700.000000	1.983463	-0.296594	0.483600	0.043984	0.527584
53800.000000	1.948987	-0.393315	0.450289	0.077348	0.527637
53900.000000	1.905026	-0.486115	0.409536	0.118154	0.527690
54000.000000	1.852017	-0.574067	0.362966	0.164776	0.527742
54100.000000	1.790489	-0.656291	0.312436	0.215359	0.527795
54200.000000	1.721056	-0.731966	0.259961	0.267887	0.527848
54300.000000	1.644411	-0.800335	0.207633	0.320268	0.527901
54400.000000	1.561320	-0.860713	0.157540	0.370414	0.527953
54500.000000	1.472611	-0.912497	0.111681	0.416326	0.528006
54600.000000	1.379171	-0.955169	0.071885	0.456174	0.528059
54700.000000	1.281933	-0.988300	0.039743	0.488369	0.528112
54800.000000	1.181869	-1.011560	0.016538	0.511627	0.528165
54900.000000	1.079977	-1.024714	0.003198	0.525019	0.528217
55000.000000	0.977275	-1.027630	0.000258	0.528012	0.528270
55100.000000	0.874791	-1.020279	0.007839	0.520484	0.528323
55200.000000	0.773547	-1.002732	0.025640	0.502735	0.528376
55300.000000	0.674556	-0.975163	0.052957	0.475472	0.528429
55400.000000	0.578807	-0.937848	0.088702	0.439780	0.528482
55500.000000	0.487257	-0.891158	0.131453	0.397082	0.528534
55600.000000	0.400821	-0.835559	0.179508	0.349080	0.528587
55700.000000	0.320364	-0.771605	0.230953	0.297688	0.528640
55800.000000	0.246689	-0.699935	0.283738	0.244955	0.528693
55900.000000	0.180535	-0.621264	0.335761	0.192985	0.528746
56000.000000	0.122562	-0.536377	0.384949	0.143850	0.528799
56100.000000	0.073351	-0.446122	0.429339	0.099513	0.528852
56200.000000	0.033394	-0.351401	0.467163	0.061741	0.528905
56300.000000	0.003092	-0.253158	0.496913	0.032045	0.528957
56400.000000	-0.017252	-0.152376	0.517401	0.011609	0.529010
56500.000000	-0.027434	-0.050062	0.527810	0.001253	0.529063
56600.000000	-0.027350	0.052763	0.527724	0.001392	0.529116
56700.000000	-0.017001	0.155071	0.517146	0.012024	0.529169
56800.000000	0.003511	0.255840	0.496495	0.032727	0.529222
56900.000000	0.033982	0.354062	0.466595	0.062680	0.529275
57000.000000	0.074109	0.448757	0.428637	0.100691	0.529328
57100.000000	0.123492	0.538977	0.384133	0.145248	0.529381
57200.000000	0.181638	0.623820	0.334858	0.194576	0.529434
57300.000000	0.247967	0.702438	0.282777	0.246710	0.529487
57400.000000	0.321817	0.774046	0.229966	0.299573	0.529540
57500.000000	0.402451	0.837926	0.178533	0.351060	0.529593
57600.000000	0.489063	0.893440	0.130528	0.399117	0.529646
57700.000000	0.580790	0.940032	0.087869	0.441830	0.529699
57800.000000	0.676715	0.977236	0.052257	0.477495	0.529752
57900.000000	0.775879	1.004679	0.025115	0.504689	0.529804
58000.000000	0.877293	1.022085	0.007528	0.522329	0.529857
58100.000000	0.979944	1.029281	0.000201	0.529709	0.529910
58200.000000	1.082804	1.026192	0.003428	0.526535	0.529963
58300.000000	1.184848	1.012849	0.017084	0.512932	0.530016
58400.000000	1.285055	0.989385	0.040628	0.489441	0.530069
58500.000000	1.382424	0.956032	0.073124	0.456998	0.530122
58600.000000	1.475981	0.913123	0.113279	0.416897	0.530175
58700.000000	1.564791	0.861085	0.159495	0.370734	0.530229
58800.000000	1.647967	0.800438	0.209931	0.320351	0.530282
58900.000000	1.724677	0.731787	0.262578	0.267756	0.530335
59000.000000	1.794153	0.655817	0.315340	0.215048	0.530388
59100.000000	1.855701	0.573287	0.366112	0.164329	0.530441
59200.000000	1.908704	0.485019	0.412872	0.117622	0.530494
59300.000000	1.952633	0.391897	0.453755	0.076792	0.530547
59400.000000	1.987048	0.294849	0.487132	0.043468	0.530600
59500.000000	2.011603	0.194845	0.511671	0.018982	0.530653
59600.000000	2.026053	0.092885	0.526392	0.004314	0.530706
59700.000000	2.030251	-0.010014	0.530709	0.000050	0.530759
59800.000000	2.024156	-0.112823	0.524448	0.006365	0.530812
59900.000000	2.007826	-0.214515	0.507857	0.023008	0.530865
60000.000000	1.981425	-0.314074	0.481597	0.049321	0.530918
60100.000000	1.945214	-0.410504	0.446714	0.084257	0.530971
60200.000000	1.899555	-0.502842	0.404599	0.126425	0.531024
60300.000000	1.844902	-0.590165	0.356930	0.174148	0.531078
60400.000000	1.781802	-0.671600	0.305607	0.225523	0.531131
60500.000000	1.710884	-0.746332	0.252678	0.278506	0.531184
60600.000000	1.632855	-0.813614	0.200253	0.330984	0.531237
60700.000000	1.548495	-0.872773	0.150423	0.380867	0.531290
60800.000000	1.458646	-0.923217	0.105178	0.426165	0.531343
60900.000000	1.364205	-0.964441	0.066323	0.465074	0.531396
61000.000000	1.266115	-0.996033	0.035409	0.496041	0.531449
61100.000000	1.165357	-1.017675	0.013671	0.517831	0.531503
61200.000000	1.062936	-1.029150	0.001980	0.529575	0.531556
61300.000000	0.959876	-1.030344	0.000805	0.530804	0.531609
61400.000000	0.857206	-1.021241	0.010195	0.521467	0.531662
61500.000000	0.755954	-1.001934	0.029779	0.501936	0.531715
61600.000000	0.657129	-0.972613	0.058780	0.472988	0.531768
61700.000000	0.561721	-0.933571	0.096044	0.435777	0.531822
61800.000000	0.470683	-0.885196	0.140088	0.391786	0.531875
61900.000000	0.384924	-0.827972	0.189159	0.342769	0.531928
62000.000000	0.305303	-0.762469	0.241302	0.290679	0.531981
62100.000000	0.232615	-0.689340	0.294440	0.237595	0.532034
62200.000000	0.167588	-0.609316	0.346455	0.185633	0.532088
62300.000000	0.110872	-0.523196	0.395274	0.136867	0.532141
62400.000000	0.063035	-0.431839	0.438952	0.093242	0.532194
62500.000000	0.024555	-0.336158	0.475746	0.056501	0.532247
62600.000000	-0.004182	-0.237108	0.504190	0.028110	0.532300
62700.000000	-0.022887	-0.135680	0.523149	0.009204	0.532354
62800.000000	-0.031374	-0.032885	0.531866	0.000541	0.532407
62900.000000	-0.029556	0.070248	0.529993	0.002467	0.532460
63000.000000	-0.017450	0.172690	0.517602	0.014911	0.532513
63100.000000	0.004823	0.273416	0.495188	0.037378	0.532567
63200.000000	0.037043	0.371421	0.463643	0.068977	0.532620
63300.000000	0.078888	0.465724	0.424224	0.108449	0.532673
63400.000000	0.129941	0.555383	0.378501	0.154225	0.532726
63500.000000	0.189693	0.639501	0.328299	0.204481	0.532780
63600.000000	0.257547	0.717238	0.275618	0.257215	0.532833
63700.000000	0.332827	0.787816	0.222560	0.310327	0.532886
63800.000000	0.414782	0.850528	0.171240	0.361699	0.532940
63900.000000	0.502591	0.904749	0.123708	0.409285	0.532993
64000.000000	0.595380	0.949934	0.081859	0.451188	0.533046
64100.000000	0.692221	0.985632	0.047364	0.485736	0.533099
64200.000000	0.792148	1.011486	0.021601	0.511552	0.533153
64300.000000	0.894161	1.027234	0.005601	0.527605	0.533206
64400.000000	0.997242	1.032720	0.000004	0.533256	0.533259
64500.000000	1.100360	1.027888	0.005036	0.528277	0.533313
64600.000000	1.202487	1.012784	0.020500	0.512866	0.533366
64700.000000	1.302600	0.987559	0.045783	0.487636	0.533419
64800.000000	1.399700	0.952463	0.079880	0.453593	0.533473
64900.000000	1.492815	0.907847	0.121433	0.412093	0.533526
65000.000000	1.581015	0.854155	0.168789	0.364790	0.533579
65100.000000	1.663419	0.791922	0.220062	0.313570	0.533633
65200.000000	1.739202	0.721771	0.273210	0.260476	0.533686
65300.000000	1.807606	0.644400	0.326114	0.207626	0.533740
65400.000000	1.867948	0.560583	0.376666	0.157126	0.533793
65500.000000	1.919622	0.471156	0.422853	0.110994	0.533846
65600.000000	1.962113	0.377012	0.462831	0.071069	0.533900
65700.000000	1.994995	0.279091	0.495007	0.038946	0.533953
65800.000000	2.017937	0.178372	0.518098	0.015908	0.534007
65900.000000	2.030711	0.075860	0.531183	0.002877	0.534060
66000.000000	2.033187	-0.027419	0.533737	0.000376	0.534113
66100.000000	2.025339	-0.130435	0.525660	0.008507	0.534167
66200.000000	2.007245	-0.232158	0.507271	0.026949	0.534220
66300.000000	1.979085	-0.331572	0.479304	0.054970	0.534274
66400.000000	1.941139	-0.427682	0.442871	0.091456	0.534327
66500.000000	1.893785	-0.519528	0.399426	0.134955	0.534380
66600.000000	1.837495	-0.606193	0.350699	0.183735	0.534434
66700.000000	1.772831	-0.686809	0.298634	0.235853	0.534487
66800.000000	1.700439	-0.760570	0.245307	0.289233	0.534541
66900.000000	1.621041	-0.826739	0.192846	0.341749	0.534594
67000.000000	1.535429	-0.884653	0.143342	0.391306	0.534648
67100.000000	1.444458	-0.933734	0.098771	0.435930	0.534701
67200.000000	1.349037	-0.973490	0.060913	0.473841	0.534755
67300.000000	1.250119	-1.003522	0.031280	0.503528	0.534808
67400.000000	1.148692	-1.023530	0.011055	0.523807	0.534862
67500.000000	1.045769	-1.033313	0.001047	0.533868	0.534915
67600.000000	0.942378	-1.032771	0.001660	0.533308	0.534969
67700.000000	0.839553	-1.021910	0.012872	0.522151	0.535022
67800.000000	0.738321	-1.000837	0.034238	0.500838	0.535076
67900.000000	0.639693	-0.969761	0.064911	0.470219	0.535129
68000.000000	0.544656	-0.928992	0.103669	0.431513	0.535183
68100.000000	0.454159	-0.878937	0.148971	0.386265	0.535236
68200.000000	0.369107	-0.820094	0.199013	0.336277	0.535290
68300.000000	0.290351	-0.753050	0.251801	0.283542	0.535343
68400.000000	0.218677	-0.678475	0.305232	0.230164	0.535397
68500.000000	0.154804	-0.597113	0.357178	0.178272	0.535450
68600.000000	0.099370	-0.509777	0.405568	0.129936	0.535504
68700.000000	0.052929	-0.417338	0.448472	0.087086	0.535557
68800.000000	0.015947	-0.320720	0.484180	0.051431	0.535611
68900.000000	-0.011206	-0.220887	0.511269	0.024396	0.535665
69000.000000	-0.028258	-0.118838	0.528657	0.007061	0.535718
69100.000000	-0.035036	-0.015590	0.535650	0.000122	0.535772
69200.000000	-0.031473	0.087823	0.531969	0.003856	0.535825
69300.000000	-0.017604	0.190369	0.517759	0.018120	0.535879
69400.000000	0.006436	0.291024	0.493585	0.042347	0.535932
69500.000000	0.040405	0.388780	0.460411	0.075575	0.535986
69600.000000	0.083967	0.482662	0.419559	0.116481	0.536040
69700.000000	0.136686	0.571730	0.372656	0.163437	0.536093
69800.000000	0.198036	0.655094	0.321573	0.214574	0.536147
69900.000000	0.267406	0.731920	0.268347	0.267854	0.536200
70000.000000	0.344103	0.801441	0.215100	0.321154	0.536254
70100.000000	0.427362	0.862961	0.163957	0.372351	0.536308
70200.000000	0.516351	0.915864	0.116958	0.419403	0.536361
70300.000000	0.610182	0.959621	0.075979	0.460436	0.536415
70400.000000	0.707917	0.993793	0.042656	0.493812	0.536469
70500.000000	0.808580	1.018039	0.018321	0.518201	0.536522
70600.000000	0.911166	1.032115	0.003946	0.532630	0.536576
70700.000000	1.014650	1.035879	0.000107	0.536522	0.536630
70800.000000	1.117998	1.029292	0.006962	0.529721	0.536683
70900.000000	1.220177	1.012421	0.024239	0.512498	0.536737
71000.000000	1.320167	0.985431	0.051253	0.485537	0.536791
71100.000000	1.416967	0.948592	0.086931	0.449914	0.536844
71200.000000	1.509611	0.902271	0.129851	0.407046	0.536898
71300.000000	1.597171	0.846930	0.178307	0.358645	0.536952
71400.000000	1.678774	0.783120	0.230367	0.306638	0.537005
71500.000000	1.753602	0.711479	0.283958	0.253101	0.537059
71600.000000	1.820907	0.632722	0.336944	0.200168	0.537113
71700.000000	1.880017	0.547634	0.387215	0.149952	0.537166
71800.000000	1.930339	0.457066	0.432766	0.104455	0.537220
71900.000000	1.971370	0.361922	0.471780	0.065494	0.537274
72000.000000	2.002700	0.263152	0.502703	0.034624	0.537328
72100.000000	2.024013	0.161742	0.524301	0.013080	0.537381
72200.000000	2.035096	0.058706	0.535712	0.001723	0.537435
72300.000000	2.035838	-0.044926	0.536480	0.001009	0.537489
72400.000000	2.026229	-0.148121	0.526573	0.010970	0.537543
72500.000000	2.006365	-0.249845	0.506385	0.031211	0.537596
72600.000000	1.976443	-0.349083	0.476721	0.060929	0.537650
72700.000000	1.936762	-0.444843	0.438761	0.098943	0.537704
72800.000000	1.887716	-0.536167	0.394020	0.143738	0.537758
72900.000000	1.829795	-0.622144	0.344280	0.193531	0.537811
73000.000000	1.763577	-0.701912	0.291525	0.246340	0.537865
73100.000000	1.689723	-0.774674	0.237859	0.300060	0.537919
73200.000000	1.608969	-0.839704	0.185422	0.352551	0.537973
73300.000000	1.522122	-0.896349	0.136306	0.401721	0.538027
73400.000000	1.430050	-0.944043	0.092471	0.445609	0.538080
73500.000000	1.333671	-0.982310	0.055668	0.482466	0.538134
73600.000000	1.233949	-1.010764	0.027366	0.510822	0.538188
73700.000000	1.131878	-1.029122	0.008696	0.529546	0.538242
73800.000000	1.028480	-1.037198	0.000406	0.537890	0.538296
73900.000000	0.924787	-1.034912	0.002828	0.535521	0.538350
74000.000000	0.821835	-1.022284	0.015871	0.522532	0.538403
74100.000000	0.720653	-0.999440	0.039017	0.499440	0.538457
74200.000000	0.622253	-0.966607	0.071347	0.467165	0.538511
74300.000000	0.527617	-0.924112	0.111573	0.426992	0.538565
74400.000000	0.437691	-0.872380	0.158096	0.380523	0.538619
74500.000000	0.353375	-0.811925	0.209062	0.329611	0.538673
74600.000000	0.275512	-0.743351	0.262441	0.276285	0.538727
74700.000000	0.204881	-0.667343	0.316107	0.222673	0.538780
74800.000000	0.142187	-0.584659	0.367921	0.170913	0.538834
74900.000000	0.088059	-0.496124	0.415819	0.123070	0.538888
75000.000000	0.043037	-0.402623	0.457889	0.081053	0.538942
75100.000000	0.007573	-0.305090	0.492456	0.046540	0.538996
75200.000000	-0.017978	-0.204499	0.518140	0.020910	0.539050
75300.000000	-0.033360	-0.101854	0.533917	0.005187	0.539104
75400.000000	-0.038418	0.001818	0.539156	0.000002	0.539158
75500.000000	-0.033100	0.105483	0.533648	0.005563	0.539212
75600.000000	-0.017459	0.208105	0.517612	0.021654	0.539266
75700.000000	0.008350	0.308657	0.491685	0.047635	0.539319
75800.000000	0.044071	0.406135	0.456901	0.082473	0.539373
75900.000000	0.089347	0.499565	0.414645	0.124782	0.539427
76000.000000	0.143726	0.588012	0.366602	0.172879	0.539481
76100.000000	0.206668	0.670593	0.314688	0.224847	0.539535
76200.000000	0.277543	0.746481	0.260972	0.278617	0.539589
76300.000000	0.355643	0.814918	0.207598	0.332045	0.539643
76400.000000	0.440190	0.875218	0.156693	0.383004	0.539697
76500.000000	0.530340	0.926780	0.110290	0.429461	0.539751
76600.000000	0.625191	0.969086	0.070241	0.469564	0.539805
76700.000000	0.723797	1.001713	0.038144	0.501715	0.539859
76800.000000	0.825172	1.024335	0.015282	0.524631	0.539913
76900.000000	0.928305	1.036723	0.002570	0.537397	0.539967
77000.000000	1.032164	1.038753	0.000517	0.539504	0.540021
77100.000000	1.135712	1.030404	0.009209	0.530866	0.540075
77200.000000	1.237915	1.011758	0.028302	0.511827	0.540129
77300.000000	1.337751	0.983001	0.057038	0.483145	0.540183
77400.000000	1.434221	0.944418	0.094274	0.445963	0.540237
77500.000000	1.526363	0.896395	0.138529	0.401762	0.540291
77600.000000	1.613254	0.839410	0.188040	0.352305	0.540345
77700.000000	1.694026	0.774032	0.240836	0.299563	0.540399
77800.000000	1.767872	0.700913	0.294813	0.245640	0.540453
77900.000000	1.834052	0.620784	0.347821	0.192686	0.540507
78000.000000	1.891904	0.534443	0.397747	0.142815	0.540561
78100.000000	1.940851	0.442753	0.442600	0.098015	0.540615
78200.000000	1.980401	0.346630	0.480593	0.060076	0.540669
78300.000000	2.010159	0.247034	0.510211	0.030513	0.540724
78400.000000	2.029826	0.144960	0.530271	0.010507	0.540778
78500.000000	2.039205	0.041426	0.539974	0.000858	0.540832
78600.000000	2.038201	-0.062531	0.538931	0.001955	0.540886
78700.000000	2.026823	-0.165874	0.527183	0.013757	0.540940
78800.000000	2.005184	-0.267570	0.505197	0.035797	0.540994
78900.000000	1.973498	-0.366602	0.473849	0.067199	0.541048
79000.000000	1.932082	-0.461982	0.434389	0.106714	0.541102
79100.000000	1.881349	-0.552754	0.388388	0.152769	0.541156
79200.000000	1.821803	-0.638013	0.337680	0.203530	0.541210
79300.000000	1.754040	-0.716904	0.284288	0.256976	0.541264
79400.000000	1.678736	-0.788641	0.230341	0.310977	0.541319
79500.000000	1.596643	-0.852504	0.177991	0.363382	0.541373
79600.000000	1.508579	-0.907855	0.129326	0.412101	0.541427
79700.000000	1.415425	-0.954141	0.086289	0.455192	0.541481
79800.000000	1.318110	-0.990897	0.050597	0.490938	0.541535
79900.000000	1.217607	-1.017755	0.023676	0.517913	0.541589
80000.000000	1.114920	-1.034447	0.006603	0.535040	0.541644
80100.000000	1.217629	-1.017857	0.023681	0.518017	0.541698
80200.000000	1.318174	-0.991095	0.050617	0.491135	0.541752
80300.000000	1.415549	-0.954427	0.086341	0.455465	0.541806
80400.000000	1.508782	-0.908219	0.129430	0.412430	0.541860
80500.000000	1.596941	-0.852930	0.178169	0.363745	0.541914
80600.000000	1.679144	-0.789114	0.230618	0.311351	0.541969
80700.000000	1.754568	-0.717407	0.284687	0.257336	0.542023
80800.000000	1.822461	-0.638523	0.338221	0.203856	0.542077
80900.000000	1.882142	-0.553252	0.389087	0.153044	0.542131
81000.000000	1.933015	-0.462444	0.435258	0.106927	0.542185
81100.000000	1.974570	-0.367006	0.474893	0.067347	0.542240
81200.000000	2.006391	-0.267891	0.506411	0.035883	0.542294
81300.000000	2.028159	-0.166090	0.528555	0.013793	0.542348
81400.000000	2.039656	-0.062619	0.540442	0.001961	0.542402
81500.000000	2.040765	0.041489	0.541596	0.000861	0.542457
81600.000000	2.031475	0.145192	0.531971	0.010540	0.542511
81700.000000	2.011878	0.247454	0.511948	0.030617	0.542565
81800.000000	1.982167	0.347255	0.482326	0.060293	0.542619
81900.000000	1.942640	0.443595	0.444285	0.098388	0.542674
82000.000000	1.893690	0.535513	0.399341	0.143387	0.542728
82100.000000	1.835805	0.622089	0.349285	0.193497	0.542782
82200.000000	1.769563	0.702457	0.296113	0.246723	0.542836
82300.000000	1.695624	0.775815	0.241947	0.300944	0.542891
82400.000000	1.614728	0.841427	0.188945	0.354000	0.542945
82500.000000	1.527680	0.898639	0.139223	0.403776	0.542999
82600.000000	1.435352	0.946877	0.094766	0.448288	0.543054
82700.000000	1.338664	0.985659	0.057347	0.485761	0.543108
82800.000000	1.238582	1.014595	0.028461	0.514702	0.543162
82900.000000	1.136107	1.033396	0.009263	0.533954	0.543217
83000.000000	1.032261	1.041874	0.000520	0.542751	0.543271
83100.000000	0.928082	1.039941	0.002586	0.540739	0.543325
83200.000000	0.824612	1.027618	0.015380	0.527999	0.543380
83300.000000	0.722884	1.005025	0.038397	0.505037	0.543434
83400.000000	0.623914	0.972387	0.070720	0.472768	0.543488
83500.000000	0.528693	0.930029	0.111065	0.432477	0.543543
83600.000000	0.438171	0.878375	0.157826	0.385771	0.543597
83700.000000	0.353255	0.817938	0.209140	0.334512	0.543651
83800.000000	0.274792	0.749323	0.262963	0.280742	0.543706
83900.000000	0.203568	0.673213	0.317152	0.226608	0.543760
84000.000000	0.140294	0.590369	0.369547	0.174268	0.543814
84100.000000	0.085605	0.501617	0.418059	0.125810	0.543869
84200.000000	0.040047	0.407844	0.460755	0.083169	0.543923
84300.000000	0.004077	0.309987	0.495932	0.048046	0.543978
84400.000000	-0.021946	0.209022	0.522187	0.021845	0.544032
84500.000000	-0.037760	0.105959	0.538473	0.005614	0.544086
84600.000000	-0.043206	0.001827	0.544139	0.000002	0.544141
84700.000000	-0.038228	-0.102334	0.538959	0.005236	0.544195
84800.000000	-0.022876	-0.205483	0.523138	0.021112	0.544250
84900.000000	0.002698	-0.306589	0.497306	0.046998	0.544304
85000.000000	0.038240	-0.404642	0.462491	0.081867	0.544359
85100.000000	0.083396	-0.498661	0.420082	0.124331	0.544413
85200.000000	0.137715	-0.587707	0.371768	0.172700	0.544467
85300.000000	0.200655	-0.670889	0.319476	0.225046	0.544522
85400.000000	0.271590	-0.747376	0.265291	0.279285	0.544576
85500.000000	0.349809	-0.816403	0.211374	0.333257	0.544631
85600.000000	0.434533	-0.877279	0.159876	0.384809	0.544685
85700.000000	0.524916	-0.929395	0.112852	0.431887	0.544740
85800.000000	0.620055	-0.972230	0.072179	0.472615	0.544794
85900.000000	0.719000	-1.005354	0.039480	0.505368	0.544849
86000.000000	0.820763	-1.028436	0.016063	0.528840	0.544903
86100.000000	0.924327	-1.041244	0.002863	0.542094	0.544958
86200.000000	1.028657	-1.043649	0.000411	0.544602	0.545012
86300.000000	1.132712	-1.035626	0.008806	0.536260	0.545067
86400.000000	1.235451	-1.017254	0.027719	0.517403	0.545121
86500.000000	1.335847	-0.988715	0.056397	0.488779	0.545176
86600.000000	1.432898	-0.950295	0.093700	0.451530	0.545230
86700.000000	1.525632	-0.902375	0.138145	0.407140	0.545285
86800.000000	1.613124	-0.845433	0.187961	0.357379	0.545339
86900.000000	1.694498	-0.780038	0.241164	0.304230	0.545394
87000.000000	1.768941	-0.706843	0.295635	0.249813	0.545448
87100.000000	1.835708	-0.626577	0.349204	0.196299	0.545503
87200.000000	1.894131	-0.540042	0.399735	0.145823	0.545557
87300.000000	1.943625	-0.448102	0.445214	0.100398	0.545612
87400.000000	1.983696	-0.351676	0.483829	0.061838	0.545667
87500.000000	2.013941	-0.251726	0.514038	0.031683	0.545721
87600.000000	2.034058	-0.149251	0.534638	0.011138	0.545776
87700.000000	2.043844	-0.045274	0.544805	0.001025	0.545830
87800.000000	2.043201	0.059166	0.544135	0.001750	0.545885
87900.000000	2.032135	0.163025	0.532651	0.013289	0.545939
88000.000000	2.010753	0.265265	0.510811	0.035183	0.545994
88100.000000	1.979270	0.364865	0.479485	0.066563	0.546049
88200.000000	1.937999	0.460829	0.439921	0.106182	0.546103
88300.000000	1.887352	0.552198	0.393696	0.152461	0.546158
88400.000000	1.827832	0.638059	0.342653	0.203560	0.546212
88500.000000	1.760035	0.717552	0.288826	0.257441	0.546267
88600.000000	1.684636	0.789884	0.234363	0.311958	0.546322
88700.000000	1.602389	0.854330	0.181436	0.364940	0.546376
88800.000000	1.514115	0.910246	0.132157	0.414274	0.546431
88900.000000	1.420695	0.957072	0.088492	0.457994	0.546486
89000.000000	1.323061	0.994340	0.052184	0.494356	0.546540
89100.000000	1.222190	1.021676	0.024684	0.521911	0.546595
89200.000000	1.119089	1.038806	0.007091	0.539559	0.546650
89300.000000	1.014787	1.045557	0.000109	0.546595	0.546704
89400.000000	0.910327	1.041862	0.004021	0.542738	0.546759
89500.000000	0.806753	1.027756	0.018672	0.528141	0.546814
89600.000000	0.705099	1.003379	0.043483	0.503385	0.546868
89700.000000	0.606382	0.968974	0.077468	0.469455	0.546923
89800.000000	0.511588	0.924883	0.119273	0.427705	0.546978
89900.000000	0.421665	0.871547	0.167236	0.379797	0.547032
90000.000000	0.337512	0.809496	0.219445	0.327642	0.547087
90100.000000	0.259970	0.739350	0.273823	0.273319	0.547142
90200.000000	0.189814	0.661810	0.328200	0.218996	0.547197
90300.000000	0.127748	0.577649	0.380412	0.166839	0.547251
90400.000000	0.074390	0.487707	0.428377	0.118929	0.547306
90500.000000	0.030276	0.392884	0.470182	0.077179	0.547361
90600.000000	-0.004152	0.294125	0.504161	0.043255	0.547415
90700.000000	-0.028550	0.192417	0.528958	0.018512	0.547470
90800.000000	-0.042674	0.088777	0.543584	0.003941	0.547525
90900.000000	-0.046380	-0.015761	0.547456	0.000124	0.547580
91000.000000	-0.039631	-0.120152	0.540416	0.007218	0.547634
91100.000000	-0.022493	-0.223353	0.522746	0.024943	0.547689
91200.000000	0.004863	-0.324332	0.495148	0.052596	0.547744
91300.000000	0.042166	-0.422081	0.458723	0.089076	0.547799
91400.000000	0.089044	-0.515622	0.414921	0.132933	0.547854
91500.000000	0.145028	-0.604020	0.365488	0.182420	0.547908
91600.000000	0.209561	-0.686391	0.312397	0.235566	0.547963
91700.000000	0.281999	-0.761912	0.257763	0.290255	0.548018
91800.000000	0.361618	-0.829828	0.203765	0.344307	0.548073
91900.000000	0.447625	-0.889459	0.152559	0.395568	0.548128
92000.000000	0.539159	-0.940208	0.106187	0.441995	0.548182
92100.000000	0.635307	-0.981567	0.066501	0.481737	0.548237
92200.000000	0.735109	-1.013122	0.035084	0.513208	0.548292
92300.000000	0.837567	-1.034558	0.013192	0.535155	0.548347
92400.000000	0.941659	-1.045658	0.001702	0.546700	0.548402
92500.000000	1.046345	-1.046310	0.001074	0.547383	0.548457
92600.000000	1.150577	-1.036508	0.011337	0.537175	0.548511
92700.000000	1.253316	-1.016348	0.032084	0.516482	0.548566
92800.000000	1.353534	-0.986031	0.062493	0.486128	0.548621
92900.000000	1.450229	-0.945857	0.101353	0.447323	0.548676
93000.000000	1.542435	-0.896229	0.147118	0.401613	0.548731
93100.000000	1.629230	-0.837640	0.197965	0.350821	0.548786
93200.000000	1.709746	-0.770676	0.251870	0.296971	0.548841
93300.000000	1.783179	-0.696004	0.306684	0.242211	0.548895
93400.000000	1.848793	-0.614371	0.360225	0.188726	0.548950
93500.000000	1.905933	-0.526590	0.410357	0.138648	0.549005
93600.000000	1.954026	-0.433538	0.455082	0.093978	0.549060
93700.000000	1.992591	-0.336146	0.492618	0.056497	0.549115
93800.000000	2.021242	-0.235384	0.521467	0.027703	0.549170
93900.000000	2.039691	-0.132261	0.540478	0.008746	0.549225
94000.000000	2.047753	-0.027806	0.548893	0.000387	0.549280
94100.000000	2.045347	0.076938	0.546375	0.002960	0.549335
94200.000000	2.032495	0.180923	0.533023	0.016367	0.549390
94300.000000	2.009325	0.283111	0.509369	0.040076	0.549445
94400.000000	1.976068	0.382480	0.476354	0.073145	0.549500
94500.000000	1.933054	0.478037	0.435295	0.114260	0.549555
94600.000000	1.880713	0.568827	0.387827	0.161782	0.549610
94700.000000	1.819566	0.653943	0.335844	0.213821	0.549664
94800.000000	1.750223	0.732532	0.281418	0.268302	0.549719
94900.000000	1.673378	0.803810	0.226719	0.323055	0.549774
95000.000000	1.589796	0.867064	0.173930	0.375900	0.549829
95100.000000	1.500313	0.921659	0.125157	0.424728	0.549884
95200.000000	1.405821	0.967051	0.082345	0.467594	0.549939
95300.000000	1.307265	1.002785	0.047206	0.502788	0.549994
95400.000000	1.205629	1.028502	0.021142	0.528908	0.550049
95500.000000	1.101928	1.043944	0.005195	0.544910	0.550104
95600.000000	0.997198	1.048957	0.000004	0.550155	0.550159
95700.000000	0.892486	1.043489	0.005780	0.544435	0.550214
95800.000000	0.788838	1.027594	0.022295	0.527975	0.550269
95900.000000	0.687289	1.001429	0.048894	0.501430	0.550324
96000.000000	0.588854	0.965256	0.084520	0.465859	0.550380
96100.000000	0.494518	0.919433	0.127756	0.422679	0.550435
96200.000000	0.405224	0.864419	0.176879	0.373610	0.550490
96300.000000	0.321863	0.800762	0.229935	0.320610	0.550545
96400.000000	0.245271	0.729097	0.284808	0.265792	0.550600
96500.000000	0.176212	0.650140	0.339314	0.211341	0.550655
96600.000000	0.115377	0.564679	0.391279	0.159431	0.550710
96700.000000	0.063376	0.473567	0.438632	0.112133	0.550765
96800.000000	0.020729	0.377713	0.479486	0.071334	0.550820
96900.000000	-0.012138	0.278076	0.512212	0.038663	0.550875
97000.000000	-0.034895	0.175651	0.535504	0.015427	0.550930
97100.000000	-0.047313	0.071460	0.548432	0.002553	0.550985
97200.000000	-0.049267	-0.033456	0.550481	0.000560	0.551040
97300.000000	-0.040737	-0.138047	0.541567	0.009529	0.551095
97400.000000	-0.021807	-0.241270	0.522045	0.029106	0.551151
97500.000000	0.007335	-0.342092	0.492692	0.058514	0.551206
97600.000000	0.046399	-0.439506	0.454678	0.096583	0.551261
97700.000000	0.094995	-0.532539	0.409517	0.141799	0.551316
97800.000000	0.152639	-0.620259	0.359011	0.192360	0.551371
97900.000000	0.218755	-0.701790	0.305172	0.246255	0.551426
98000.000000	0.292685	-0.776317	0.250147	0.301334	0.551481
98100.000000	0.373690	-0.843095	0.196132	0.355404	0.551537
98200.000000	0.460961	-0.901454	0.145282	0.406310	0.551592
98300.000000	0.553627	-0.950813	0.099625	0.452022	0.551647
98400.000000	0.650762	-0.990675	0.060984	0.490718	0.551702
98500.000000	0.751397	-1.020642	0.030902	0.520855	0.551757
98600.000000	0.854526	-1.040414	0.010581	0.541231	0.551812
98700.000000	0.959118	-1.049792	0.000836	0.551032	0.551868
98800.000000	1.064130	-1.048681	0.002056	0.549866	0.551923
98900.000000	1.168512	-1.037092	0.014198	0.537780	0.551978
99000.000000	1.271220	-1.015138	0.036780	0.515253	0.552033
99100.000000	1.371228	-0.983039	0.068905	0.483183	0.552088
99200.000000	1.467537	-0.941114	0.109295	0.442848	0.552144
99300.000000	1.559184	-0.889781	0.156343	0.395855	0.552199
99400.000000	1.645252	-0.829552	0.208175	0.344079	0.552254
99500.000000	1.724882	-0.761028	0.262727	0.289582	0.552309
99600.000000	1.797277	-0.684893	0.317825	0.234539	0.552364
99700.000000	1.861712	-0.601907	0.371274	0.181146	0.552420
99800.000000	1.917543	-0.512898	0.420943	0.131532	0.552475
99900.000000	1.964212	-0.418755	0.464852	0.087678	0.552530
100000.000000	2.001251	-0.320419	0.501251	0.051334	0.552585
100100.000000	2.028288	-0.218871	0.528689	0.023952	0.552641
100200.000000	2.045054	-0.115125	0.546069	0.006627	0.552696
100300.000000	2.051379	-0.010219	0.552699	0.000052	0.552751
100400.000000	2.047199	0.094799	0.548313	0.004493	0.552807
100500.000000	2.032555	0.198881	0.533085	0.019777	0.552862
100600.000000	2.007592	0.300986	0.507621	0.045296	0.552917
100700.000000	1.972558	0.400094	0.472935	0.080037	0.552972
100800.000000	1.927803	0.495213	0.430410	0.122618	0.553028
100900.000000	1.873773	0.585394	0.381740	0.171343	0.553083
101000.000000	1.811007	0.669735	0.328866	0.224272	0.553138
101100.000000	1.740130	0.747392	0.273896	0.279297	0.553194
101200.000000	1.661851	0.817589	0.219023	0.334226	0.553249
101300.000000	1.576951	0.879623	0.166436	0.386868	0.553304
101400.000000	1.486277	0.932874	0.118233	0.435127	0.553360
101500.000000	1.390735	0.976809	0.076337	0.477078	0.553415
101600.000000	1.291279	1.010988	0.042422	0.511048	0.553470
101700.000000	1.188903	1.035069	0.017842	0.535683	0.553526
101800.000000	1.084629	1.048809	0.003581	0.550000	0.553581
101900.000000	0.979499	1.052071	0.000210	0.553426	0.553636
102000.000000	0.874564	1.044820	0.007867	0.545825	0.553692
102100.000000	0.770871	1.027129	0.026250	0.527497	0.553747
102200.000000	0.669457	0.999173	0.054629	0.499173	0.553802
102300.000000	0.571337	0.961230	0.091876	0.461982	0.553858
102400.000000	0.477489	0.913679	0.136509	0.417404	0.553913
102500.000000	0.388853	0.856993	0.186750	0.367218	0.553969
102600.000000	0.306315	0.791738	0.240599	0.313425	0.554024
102700.000000	0.230700	0.718566	0.295911	0.258169	0.554079
102800.000000	0.162765	0.638206	0.350481	0.203654	0.554135
102900.000000	0.103189	0.551461	0.402135	0.152055	0.554190
103000.000000	0.052567	0.459198	0.448814	0.105431	0.554246
103100.000000	0.011408	0.362336	0.488657	0.065644	0.554301
103200.000000	-0.019878	0.261845	0.520075	0.034281	0.554357
103300.000000	-0.040975	0.158727	0.541815	0.012597	0.554412
103400.000000	-0.051674	0.054012	0.553009	0.001459	0.554467
103500.000000	-0.051865	-0.051252	0.553209	0.001313	0.554523
103600.000000	-0.041545	-0.156015	0.542408	0.012170	0.554578
103700.000000	-0.020817	-0.259230	0.521034	0.033600	0.554634
103800.000000	0.010113	-0.359864	0.489938	0.064751	0.554689
103900.000000	0.050937	-0.456913	0.450360	0.104385	0.554745
104000.000000	0.101249	-0.549406	0.403877	0.150923	0.554800
104100.000000	0.160546	-0.636418	0.352342	0.202514	0.554856
104200.000000	0.228237	-0.717080	0.297809	0.257102	0.554911
104300.000000	0.303646	-0.790585	0.242454	0.312512	0.554967
104400.000000	0.386021	-0.856198	0.188485	0.366537	0.555022
104500.000000	0.474539	-0.913261	0.138054	0.417023	0.555078
104600.000000	0.568317	-0.961206	0.093175	0.461958	0.555133
104700.000000	0.666417	-0.999550	0.055639	0.499550	0.555189
104800.000000	0.767861	-1.027910	0.026944	0.528300	0.555244
104900.000000	0.871634	-1.046003	0.008239	0.547061	0.555300
105000.000000	0.976700	-1.053645	0.000271	0.555084	0.555355
105100.000000	1.082009	-1.050760	0.003363	0.552048	0.555411
105200.000000	1.186510	-1.037375	0.017393	0.538073	0.555466
105300.000000	1.289157	-1.013623	0.041806	0.513716	0.555522
105400.000000	1.388925	-0.979741	0.075632	0.479946	0.555577
105500.000000	1.484818	-0.936065	0.117524	0.438109	0.555633
105600.000000	1.575875	-0.883032	0.165816	0.389873	0.555689
105700.000000	1.661187	-0.821170	0.218584	0.337160	0.555744
105800.000000	1.739901	-0.751097	0.273727	0.282073	0.555800
105900.000000	1.811230	-0.673511	0.329047	0.226809	0.555855
106000.000000	1.874459	-0.589188	0.382340	0.173571	0.555911
106100.000000	1.928958	-0.498969	0.431481	0.124485	0.555967
106200.000000	1.974179	-0.403756	0.474513	0.081509	0.556022
106300.000000	2.009671	-0.304498	0.509718	0.046360	0.556078
106400.000000	2.035078	-0.202188	0.535693	0.020440	0.556133
106500.000000	2.050145	-0.097848	0.551402	0.004787	0.556189
106600.000000	2.054719	0.007481	0.556217	0.000028	0.556245
106700.000000	2.048756	0.112746	0.549944	0.006356	0.556300
106800.000000	2.032312	0.216894	0.532834	0.023522	0.556356
106900.000000	2.005552	0.318886	0.505567	0.050844	0.556411
107000.000000	1.968741	0.417701	0.469230	0.087237	0.556467
107100.000000	1.922247	0.512353	0.425270	0.131253	0.556523
107200.000000	1.866533	0.601894	0.375440	0.181138	0.556578
107300.000000	1.802155	0.685431	0.321727	0.234907	0.556634
107400.000000	1.729756	0.762126	0.266272	0.290418	0.556690
107500.000000	1.650057	0.831214	0.211287	0.345459	0.556745
107600.000000	1.563854	0.892004	0.158966	0.397835	0.556801
107700.000000	1.472009	0.943886	0.111396	0.445460	0.556857
107800.000000	1.375439	0.986342	0.070477	0.486435	0.556912
107900.000000	1.275107	1.018947	0.037842	0.519126	0.556968
108000.000000	1.172016	1.041373	0.014795	0.542229	0.557024
108100.000000	1.067196	1.053396	0.002258	0.554822	0.557080
108200.000000	0.961695	1.054895	0.000734	0.556402	0.557135
108300.000000	0.856565	1.045853	0.010287	0.546904	0.557191
108400.000000	0.752858	1.026360	0.030540	0.526707	0.557247
108500.000000	0.651611	0.996609	0.060688	0.496615	0.557302
108600.000000	0.553834	0.956897	0.099532	0.457826	0.557358
108700.000000	0.460506	0.907620	0.145527	0.411887	0.557414
108800.000000	0.372559	0.849268	0.196841	0.360628	0.557470
108900.000000	0.290873	0.782425	0.251431	0.306095	0.557525
109000.000000	0.216264	0.707757	0.307121	0.250460	0.557581
109100.000000	0.149479	0.626009	0.361693	0.195944	0.557637
109200.000000	0.091186	0.537999	0.412971	0.144721	0.557693
109300.000000	0.041968	0.444603	0.458913	0.098836	0.557748
109400.000000	0.002318	0.346756	0.497684	0.060120	0.557804
109500.000000	-0.027367	0.245434	0.527741	0.030119	0.557860
109600.000000	-0.046789	0.141649	0.547884	0.010032	0.557916
109700.000000	-0.055753	0.036439	0.557308	0.000664	0.557972
109800.000000	-0.054170	-0.069146	0.555637	0.002391	0.558027
109900.000000	-0.042052	-0.174051	0.542936	0.015147	0.558083
110000.000000	-0.019521	-0.277227	0.519712	0.038427	0.558139
110100.000000	0.013199	-0.377643	0.486888	0.071307	0.558195
110200.000000	0.055783	-0.474296	0.445773	0.112478	0.558251
110300.000000	0.107806	-0.566219	0.398005	0.160302	0.558306
110400.000000	0.168750	-0.652493	0.345489	0.212874	0.558362
110500.000000	0.238005	-0.732257	0.290318	0.268100	0.558418
110600.000000	0.314881	-0.804711	0.234694	0.323780	0.558474
110700.000000	0.398611	-0.869132	0.180834	0.377695	0.558530
110800.000000	0.488358	-0.924875	0.130889	0.427697	0.558586
110900.000000	0.583227	-0.971382	0.086850	0.471792	0.558642
111000.000000	0.682269	-1.008188	0.050476	0.508221	0.558697
111100.000000	0.784497	-1.034923	0.023221	0.535532	0.558753
111200.000000	0.888888	-1.051319	0.006173	0.552636	0.558809
111300.000000	0.994399	-1.057213	0.000016	0.558849	0.558865
111400.000000	1.099977	-1.052543	0.004998	0.553923	0.558921
111500.000000	1.204567	-1.037355	0.020924	0.538053	0.558977
111600.000000	1.307123	-1.011801	0.047162	0.511870	0.559033
111700.000000	1.406621	-0.976134	0.082670	0.476419	0.559089
111800.000000	1.502065	-0.930709	0.126035	0.433110	0.559145
111900.000000	1.592502	-0.875981	0.175529	0.383671	0.559200
112000.000000	1.677028	-0.812493	0.229184	0.330073	0.559256
112100.000000	1.754798	-0.740881	0.284860	0.274453	0.559312
112200.000000	1.825033	-0.661859	0.340339	0.219029	0.559368
112300.000000	1.887031	-0.576216	0.393412	0.166012	0.559424
112400.000000	1.940172	-0.484806	0.441962	0.117518	0.559480
112500.000000	1.983924	-0.388543	0.484053	0.075483	0.559536
112600.000000	2.017849	-0.288388	0.518008	0.041584	0.559592
112700.000000	2.041607	-0.185341	0.542472	0.017176	0.559648
112800.000000	2.054959	-0.080432	0.556469	0.003235	0.559704
112900.000000	2.057771	0.025291	0.559440	0.000320	0.559760
113000.000000	2.050014	0.130772	0.551265	0.008551	0.559816
113100.000000	2.031765	0.234957	0.532269	0.027602	0.559872
113200.000000	2.003204	0.336805	0.503209	0.056719	0.559928
113300.000000	1.964616	0.435297	0.465242	0.094742	0.559984
113400.000000	1.916386	0.529450	0.419881	0.140159	0.560040
113500.000000	1.858994	0.618322	0.368935	0.191161	0.560096
113600.000000	1.793013	0.701024	0.314435	0.245717	0.560152
113700.000000	1.719101	0.776730	0.258553	0.301655	0.560208
113800.000000	1.637997	0.844682	0.203520	0.356744	0.560264
113900.000000	1.550510	0.904201	0.151531	0.408789	0.560320
114000.000000	1.457513	0.954690	0.104659	0.455717	0.560376
114100.000000	1.359935	0.995646	0.064777	0.495655	0.560432
114200.000000	1.258751	1.026657	0.033476	0.527012	0.560488
114300.000000	1.154972	1.047412	0.012008	0.548536	0.560544
114400.000000	1.049634	1.057704	0.001232	0.559368	0.560600
114500.000000	0.943789	1.057427	0.001580	0.559076	0.560656
114600.000000	0.838495	1.046585	0.013042	0.547670	0.560712
114700.000000	0.734804	1.025284	0.035164	0.525604	0.560768
114800.000000	0.633753	0.993737	0.067068	0.493756	0.560825
114900.000000	0.536352	0.952256	0.107485	0.453396	0.560881
115000.000000	0.443573	0.901256	0.154805	0.406131	0.560937
115100.000000	0.356345	0.841246	0.207146	0.353847	0.560993
115200.000000	0.275540	0.772823	0.262421	0.298628	0.561049
115300.000000	0.201966	0.696672	0.318429	0.242676	0.561105
115400.000000	0.136359	0.613552	0.372938	0.188223	0.561161
115500.000000	0.079374	0.524293	0.423776	0.137441	0.561217
115600.000000	0.031583	0.429786	0.468915	0.092358	0.561273
115700.000000	-0.006536	0.330975	0.506557	0.054772	0.561329
115800.000000	-0.034602	0.228847	0.535200	0.026185	0.561386
115900.000000	-0.052332	0.124422	0.553701	0.007740	0.561442
116000.000000	-0.059549	0.018743	0.561322	0.000176	0.561498
116100.000000	-0.056180	-0.087133	0.557758	0.003796	0.561554
116200.000000	-0.042257	-0.192149	0.543150	0.018461	0.561610
116300.000000	-0.017918	-0.295256	0.518078	0.043588	0.561666
116400.000000	0.016595	-0.395423	0.483543	0.078180	0.561723
116500.000000	0.060937	-0.491649	0.440919	0.120859	0.561779
116600.000000	0.114667	-0.582972	0.391907	0.169928	0.561835
116700.000000	0.177249	-0.668478	0.338459	0.223432	0.561891
116800.000000	0.248058	-0.747314	0.282708	0.279239	0.561947
116900.000000	0.326388	-0.818690	0.226876	0.335127	0.562003
117000.000000	0.411457	-0.881893	0.173192	0.388868	0.562060
117100.000000	0.502414	-0.936291	0.123796	0.438320	0.562116
117200.000000	0.598353	-0.981338	0.080660	0.481512	0.562172
117300.000000	0.698315	-1.016584	0.045507	0.516721	0.562228
117400.000000	0.801301	-1.041676	0.019741	0.542544	0.562285
117500.000000	0.906283	-1.056361	0.004391	0.557949	0.562341
117600.000000	1.012212	-1.060493	0.000075	0.562322	0.562397
117700.000000	1.118030	-1.054028	0.006965	0.555488	0.562453
117800.000000	1.222678	-1.037031	0.024793	0.537717	0.562510
117900.000000	1.325112	-1.009670	0.052849	0.509717	0.562566
118000.000000	1.424308	-0.972217	0.090019	0.472603	0.562622
118100.000000	1.519274	-0.925046	0.134823	0.427856	0.562678
118200.000000	1.609061	-0.868628	0.185478	0.377257	0.562735
118300.000000	1.692771	-0.803524	0.239966	0.322825	0.562791
118400.000000	1.769567	-0.730384	0.296116	0.266731	0.562847
118500.000000	1.838681	-0.649939	0.351693	0.211211	0.562903
118600.000000	1.899422	-0.562992	0.404480	0.158480	0.562960
118700.000000	1.951181	-0.470411	0.452373	0.110643	0.563016
118800.000000	1.993442	-0.373120	0.493463	0.069609	0.563072
118900.000000	2.025780	-0.272091	0.526112	0.037017	0.563129
119000.000000	2.047871	-0.168333	0.549017	0.014168	0.563185
119100.000000	2.059494	-0.062882	0.561264	0.001977	0.563241
119200.000000	2.060532	0.043207	0.562364	0.000933	0.563298
119300.000000	2.050973	0.148875	0.552272	0.011082	0.563354
119400.000000	2.030911	0.253066	0.531389	0.032021	0.563410
119500.000000	2.000547	0.354739	0.500547	0.062920	0.563467
119600.000000	1.960181	0.452877	0.460974	0.102549	0.563523
119700.000000	1.910218	0.546500	0.414248	0.149331	0.563579
119800.000000	1.851154	0.634672	0.362232	0.201404	0.563636
119900.000000	1.783580	0.716510	0.306998	0.256694	0.563692
120000.000000	1.708169	0.791198	0.250751	0.312997	0.563748
120100.000000	1.625674	0.857987	0.195734	0.368071	0.563805
120200.000000	1.536919	0.916209	0.144141	0.419720	0.563861
120300.000000	1.442791	0.965283	0.098032	0.465886	0.563918
120400.000000	1.344229	1.004716	0.059247	0.504727	0.563974
120500.000000	1.242217	1.034114	0.029334	0.534696	0.564030
120600.000000	1.137774	1.053182	0.009491	0.554596	0.564087
120700.000000	1.031945	1.061728	0.000510	0.563633	0.564143
120800.000000	0.925786	1.059666	0.002754	0.561446	0.564200
120900.000000	0.820358	1.047015	0.016136	0.548120	0.564256
121000.000000	0.716714	1.023901	0.040126	0.524187	0.564312
121100.000000	0.615890	0.990554	0.073770	0.490599	0.564369
121200.000000	0.518895	0.947306	0.115731	0.448694	0.564425
121300.000000	0.426697	0.894588	0.164338	0.400144	0.564482
121400.000000	0.340218	0.832925	0.217656	0.346882	0.564538
121500.000000	0.260324	0.762934	0.273560	0.291034	0.564595
121600.000000	0.187812	0.685313	0.329824	0.234827	0.564651
121700.000000	0.123409	0.600835	0.384206	0.180502	0.564708
121800.000000	0.067758	0.510346	0.434537	0.130227	0.564764
121900.000000	0.021417	0.414748	0.478812	0.086008	0.564821
122000.000000	-0.015151	0.314997	0.515265	0.049612	0.564877
122100.000000	-0.041578	0.212088	0.542443	0.022491	0.564934
122200.000000	-0.057601	0.107049	0.559260	0.005730	0.564990
122300.000000	-0.063058	0.000931	0.565046	0.000000	0.565047
122400.000000	-0.057893	-0.105208	0.559569	0.005534	0.565103
122500.000000	-0.042157	-0.210306	0.543045	0.022114	0.565160
122600.000000	-0.016006	-0.313313	0.516134	0.049082	0.565216
122700.000000	0.020300	-0.413199	0.479906	0.085367	0.565273
122800.000000	0.066399	-0.508967	0.435805	0.129524	0.565329
122900.000000	0.121831	-0.599659	0.385590	0.179796	0.565386
123000.000000	0.186044	-0.684368	0.331262	0.234180	0.565442
123100.000000	0.258396	-0.762247	0.274988	0.290510	0.565499
123200.000000	0.338165	-0.832518	0.219012	0.346543	0.565555
123300.000000	0.424556	-0.894476	0.165568	0.400044	0.565612
123400.000000	0.516705	-0.947504	0.116787	0.448882	0.565668
123500.000000	0.613693	-0.991069	0.074617	0.491108	0.565725
123600.000000	0.714550	-1.024735	0.040741	0.525041	0.565782
123700.000000	0.818270	-1.048165	0.016513	0.549325	0.565838
123800.000000	0.923816	-1.061125	0.002902	0.562993	0.565895
123900.000000	1.030134	-1.063482	0.000454	0.565497	0.565951
124000.000000	1.136161	-1.055214	0.009270	0.556738	0.566008
124100.000000	1.240839	-1.036400	0.029002	0.537063	0.566065
124200.000000	1.343120	-1.007229	0.058866	0.507255	0.566121
124300.000000	1.441983	-0.967991	0.097674	0.468503	0.566178
124400.000000	1.536439	-0.919076	0.143884	0.422351	0.566234
124500.000000	1.625545	-0.860973	0.195653	0.370638	0.566291
124600.000000	1.708409	-0.794261	0.250922	0.315426	0.566348
124700.000000	1.784203	-0.719606	0.307487	0.258917	0.566404
124800.000000	1.852169	-0.637754	0.363096	0.203365	0.566461
124900.000000	1.911626	-0.549520	0.415531	0.150986	0.566518
125000.000000	1.961981	-0.455787	0.462703	0.103871	0.566574
125100.000000	2.002728	-0.357490	0.502731	0.063900	0.566631
125200.000000	2.033459	-0.255611	0.534019	0.032668	0.566688
125300.000000	2.053867	-0.151168	0.555318	0.011426	0.566744
125400.000000	2.063747	-0.045204	0.565779	0.001022	0.566801
125500.000000	2.062999	0.061223	0.564983	0.001874	0.566858
125600.000000	2.051629	0.167048	0.552962	0.013953	0.566914
125700.000000	2.029750	0.271215	0.530192	0.036779	0.566971
125800.000000	1.997579	0.372682	0.497582	0.069446	0.567028
125900.000000	1.955437	0.470435	0.456430	0.110655	0.567084
126000.000000	1.903744	0.563497	0.408376	0.158765	0.567141
126100.000000	1.843015	0.650939	0.355337	0.211861	0.567198
126200.000000	1.773857	0.731884	0.299427	0.267827	0.567254
126300.000000	1.696959	0.805525	0.242876	0.324435	0.567311
126400.000000	1.613090	0.871124	0.187939	0.379429	0.567368
126500.000000	1.523086	0.928025	0.136809	0.430615	0.567425
126600.000000	1.427846	0.975659	0.091526	0.475955	0.567481
126700.000000	1.328321	1.013549	0.053897	0.513641	0.567538
126800.000000	1.225506	1.041315	0.025427	0.542168	0.567595
126900.000000	1.120428	1.058679	0.007251	0.560400	0.567652
127000.000000	1.014135	1.065466	0.000100	0.567609	0.567708
127100.000000	0.907691	1.061607	0.004260	0.563505	0.567765
127200.000000	0.802159	1.047140	0.019571	0.548251	0.567822
127300.000000	0.698592	1.022209	0.045423	0.522456	0.567879
127400.000000	0.598027	0.987061	0.080791	0.487145	0.567936
127500.000000	0.501469	0.942047	0.124267	0.443726	0.567992
127600.000000	0.409882	0.887615	0.174119	0.393930	0.568049
127700.000000	0.324183	0.824308	0.228364	0.339742	0.568106
127800.000000	0.245228	0.752758	0.284840	0.283323	0.568163
127900.000000	0.173807	0.673680	0.341297	0.226922	0.568220
128000.000000	0.110635	0.587862	0.395485	0.172791	0.568276
128100.000000	0.056342	0.496162	0.445245	0.123088	0.568333
128200.000000	0.011474	0.399495	0.488592	0.079798	0.568390
128300.000000	-0.023522	0.298826	0.523799	0.044648	0.568447
128400.000000	-0.048294	0.195161	0.549460	0.019044	0.568504
128500.000000	-0.062593	0.089536	0.564552	0.004008	0.568561
128600.000000	-0.066277	-0.016995	0.568473	0.000144	0.568618
128700.000000	-0.059306	-0.123366	0.561065	0.007610	0.568674
128800.000000	-0.041750	-0.228515	0.542622	0.026110	0.568731
128900.000000	-0.013783	-0.331392	0.513878	0.054910	0.568788
129000.000000	0.024317	-0.430967	0.475979	0.092866	0.568845
129100.000000	0.072170	-0.526246	0.430434	0.138467	0.568902
129200.000000	0.129298	-0.616276	0.379061	0.189898	0.568959
129300.000000	0.195133	-0.700157	0.323905	0.245110	0.569016
129400.000000	0.269016	-0.777051	0.267168	0.301904	0.569073
129500.000000	0.350212	-0.846188	0.211113	0.358017	0.569130
129600.000000	0.437907	-0.906876	0.157974	0.411212	0.569186
129700.000000	0.531229	-0.958509	0.109873	0.459370	0.569243
129800.000000	0.629243	-1.000570	0.068730	0.500570	0.569300
129900.000000	0.730972	-1.032637	0.036188	0.533169	0.569357
130000.000000	0.835400	-1.054388	0.013547	0.555868	0.569414
130100.000000	0.941482	-1.065607	0.001712	0.567759	0.569471
130200.000000	1.048160	-1.066179	0.001160	0.568368	0.569528
130300.000000	1.154367	-1.056097	0.011915	0.557670	0.569585
130400.000000	1.259043	-1.035462	0.033552	0.536090	0.569642
130500.000000	1.361141	-1.004478	0.065211	0.504488	0.569699
130600.000000	1.459640	-0.963454	0.105634	0.464122	0.569756
130700.000000	1.553556	-0.912799	0.153212	0.416601	0.569813
130800.000000	1.641950	-0.853018	0.206050	0.363820	0.569870
130900.000000	1.723939	-0.784707	0.262044	0.307883	0.569927
131000.000000	1.798702	-0.708549	0.318963	0.251021	0.569984
131100.000000	1.865492	-0.625304	0.374539	0.195502	0.570041
131200.000000	1.923641	-0.535801	0.426556	0.143542	0.570098
131300.000000	1.972566	-0.440937	0.472942	0.097213	0.570155
131400.000000	2.011778	-0.341656	0.511847	0.058364	0.570212
131500.000000	2.040884	-0.238952	0.541720	0.028549	0.570269
131600.000000	2.059592	-0.133850	0.561368	0.008958	0.570326
131700.000000	2.067715	-0.027400	0.570008	0.000375	0.570383
131800.000000	2.065170	0.079334	0.567293	0.003147	0.570440
131900.000000	2.051980	0.185287	0.553331	0.017166	0.570497
132000.000000	2.028279	0.289398	0.528678	0.041876	0.570554
132100.000000	1.994300	0.390629	0.494316	0.076295	0.570611
132200.000000	1.950382	0.487966	0.451613	0.119055	0.570668
132300.000000	1.896964	0.580437	0.402272	0.168454	0.570725
132400.000000	1.834577	0.667117	0.348260	0.222523	0.570782
132500.000000	1.763845	0.747141	0.291730	0.279110	0.570839
132600.000000	1.685474	0.819706	0.234937	0.335959	0.570897
132700.000000	1.600246	0.884089	0.180147	0.390806	0.570954
132800.000000	1.509011	0.939643	0.129546	0.441465	0.571011
132900.000000	1.412681	0.985815	0.085153	0.485915	0.571068
133000.000000	1.312217	1.022140	0.048740	0.522385	0.571125
133100.000000	1.208624	1.048256	0.021762	0.549420	0.571182
133200.000000	1.102936	1.063900	0.005298	0.565941	0.571239
133300.000000	0.996209	1.068915	0.000007	0.571289	0.571296
133400.000000	0.889509	1.063249	0.006104	0.565249	0.571353
133500.000000	0.783903	1.046959	0.023349	0.548062	0.571411
133600.000000	0.680445	1.020206	0.051058	0.520410	0.571468
133700.000000	0.580170	0.983256	0.088129	0.483396	0.571525
133800.000000	0.484079	0.936477	0.133087	0.438495	0.571582
133900.000000	0.393135	0.880337	0.184143	0.387497	0.571639
134000.000000	0.308245	0.815394	0.239262	0.332434	0.571696
134100.000000	0.230259	0.742298	0.296251	0.275503	0.571754
134200.000000	0.159956	0.661776	0.352837	0.218974	0.571811
134300.000000	0.098041	0.574635	0.406765	0.165102	0.571868
134400.000000	0.045131	0.481742	0.455887	0.116038	0.571925
134500.000000	0.001758	0.384027	0.498244	0.073738	0.571982
134600.000000	-0.031646	0.282465	0.532146	0.039893	0.572039
134700.000000	-0.054744	0.178070	0.556242	0.015854	0.572097
134800.000000	-0.067305	0.071885	0.569570	0.002584	0.572154
134900.000000	-0.069203	-0.035028	0.571598	0.000613	0.572211
135000.000000	-0.060418	-0.141603	0.562243	0.010026	0.572268
135100.000000	-0.041035	-0.246773	0.541877	0.030448	0.572326
135200.000000	-0.011249	-0.349487	0.511312	0.061071	0.572383
135300.000000	0.028645	-0.448720	0.471765	0.100675	0.572440
135400.000000	0.078249	-0.543479	0.424812	0.147685	0.572497
135500.000000	0.137068	-0.632817	0.372326	0.200229	0.572555
135600.000000	0.204516	-0.715841	0.316398	0.256214	0.572612
135700.000000	0.279919	-0.791720	0.259259	0.313411	0.572669
135800.000000	0.362524	-0.859696	0.203188	0.369539	0.572726
135900.000000	0.451508	-0.919089	0.150422	0.422362	0.572784
136000.000000	0.545981	-0.969303	0.103067	0.469774	0.572841
136100.000000	0.645001	-1.009838	0.063012	0.509886	0.572898
136200.000000	0.747577	-1.040285	0.031859	0.541097	0.572955
136300.000000	0.852686	-1.060342	0.010851	0.562162	0.573013
136400.000000	0.959277	-1.069805	0.000829	0.572241	0.573070
136500.000000	1.066286	-1.068579	0.002197	0.570930	0.573127
136600.000000	1.172644	-1.056676	0.014903	0.558282	0.573185
136700.000000	1.277286	-1.034213	0.038444	0.534798	0.573242
136800.000000	1.379169	-1.001414	0.071885	0.501415	0.573299
136900.000000	1.477273	-0.958605	0.113895	0.459462	0.573357
137000.000000	1.570618	-0.906214	0.162803	0.410612	0.573414
137100.000000	1.658271	-0.844762	0.216660	0.356811	0.573471
137200.000000	1.739354	-0.774863	0.273323	0.300206	0.573529
137300.000000	1.813059	-0.697214	0.330532	0.243054	0.573586
137400.000000	1.878646	-0.612591	0.386009	0.187634	0.573643
137500.000000	1.935460	-0.521839	0.437543	0.136158	0.573701
137600.000000	1.982933	-0.425863	0.483079	0.090680	0.573758
137700.000000	2.020589	-0.325622	0.520801	0.053015	0.573816
137800.000000	2.048050	-0.222118	0.549205	0.024668	0.573873
137900.000000	2.065043	-0.116384	0.567158	0.006773	0.573930
138000.000000	2.071394	-0.009476	0.573943	0.000045	0.573988
138100.000000	2.067041	0.097537	0.569288	0.004757	0.574045
138200.000000	2.052025	0.203587	0.553379	0.020724	0.574103
138300.000000	2.026496	0.307612	0.526847	0.047313	0.574160
138400.000000	1.990708	0.408574	0.490751	0.083467	0.574217
138500.000000	1.945016	0.505464	0.446528	0.127747	0.574275
138600.000000	1.889877	0.597313	0.395941	0.178391	0.574332
138700.000000	1.825841	0.683203	0.341007	0.233383	0.574390
138800.000000	1.753547	0.762274	0.283916	0.290531	0.574447
138900.000000	1.673715	0.833737	0.226946	0.347558	0.574505
139000.000000	1.587144	0.896876	0.172369	0.402193	0.574562
139100.000000	1.494698	0.951059	0.122363	0.452257	0.574619
139200.000000	1.397299	0.995745	0.078923	0.495754	0.574677
139300.000000	1.295920	1.030485	0.043784	0.530950	0.574734
139400.000000	1.191574	1.054933	0.018350	0.556442	0.574792
139500.000000	1.085304	1.068841	0.003638	0.571211	0.574849
139600.000000	0.978171	1.072071	0.000238	0.574669	0.574907
139700.000000	0.871245	1.064589	0.008289	0.566675	0.574964
139800.000000	0.765595	1.046469	0.027473	0.547549	0.575022
139900.000000	0.662276	1.017891	0.057029	0.518051	0.575079
140000.000000	0.562322	0.979138	0.095781	0.479356	0.575137
140100.000000	0.466731	0.930598	0.142188	0.433007	0.575194
140200.000000	0.376460	0.872755	0.194401	0.380851	0.575252
140300.000000	0.292409	0.806185	0.250342	0.324967	0.575309
140400.000000	0.215421	0.731553	0.307782	0.267585	0.575367
140500.000000	0.146264	0.649603	0.364432	0.210992	0.575424
140600.000000	0.085632	0.561155	0.418035	0.157447	0.575482
140700.000000	0.034129	0.467090	0.466453	0.109087	0.575540
140800.000000	-0.007727	0.368349	0.507757	0.067840	0.575597
140900.000000	-0.039518	0.265917	0.540299	0.035356	0.575655
141000.000000	-0.060925	0.160818	0.562781	0.012931	0.575712
141100.000000	-0.071734	0.054102	0.574306	0.001463	0.575770
141200.000000	-0.071834	-0.053166	0.574414	0.001413	0.575827
141300.000000	-0.061225	-0.159913	0.563099	0.012786	0.575885
141400.000000	-0.040010	-0.265073	0.540811	0.035132	0.575943
141500.000000	-0.008402	-0.367595	0.508437	0.067563	0.576000
141600.000000	0.033286	-0.466454	0.467268	0.108790	0.576058
141700.000000	0.084637	-0.560662	0.418944	0.157171	0.576115
141800.000000	0.145140	-0.649277	0.365392	0.210781	0.576173
141900.000000	0.214191	-0.731414	0.308748	0.267483	0.576231
142000.000000	0.291101	-0.806250	0.251269	0.325020	0.576288
142100.000000	0.375102	-0.873038	0.195249	0.381097	0.576346
142200.000000	0.465356	-0.931108	0.142922	0.433481	0.576404
142300.000000	0.560960	-0.979881	0.096378	0.480083	0.576461
142400.000000	0.660962	-1.018867	0.057474	0.519045	0.576519
142500.000000	0.764361	-1.047677	0.027763	0.548814	0.576576
142600.000000	0.870124	-1.066021	0.008434	0.568200	0.576634
142700.000000	0.977197	-1.073715	0.000260	0.576432	0.576692
142800.000000	1.084507	-1.070681	0.003571	0.573179	0.576749
142900.000000	1.190984	-1.056948	0.018238	0.558570	0.576807
143000.000000	1.295564	-1.032653	0.043679	0.533186	0.576865
143100.000000	1.397200	-0.998037	0.078884	0.498039	0.576923
143200.000000	1.494878	-0.953444	0.122452	0.454528	0.576980
143300.000000	1.587621	-0.899321	0.172649	0.404389	0.577038
143400.000000	1.674501	-0.836206	0.227476	0.349620	0.577096
143500.000000	1.754650	-0.764729	0.284748	0.292405	0.577153
143600.000000	1.827267	-0.685603	0.342185	0.235026	0.577211
143700.000000	1.891625	-0.599619	0.397497	0.179771	0.577269
143800.000000	1.947080	-0.507635	0.448480	0.128847	0.577327
143900.000000	1.993077	-0.410569	0.493101	0.084284	0.577384
144000.000000	2.029155	-0.309391	0.529581	0.047861	0.577442
144100.000000	2.054954	-0.205112	0.556464	0.021035	0.577500
144200.000000	2.070214	-0.098772	0.572680	0.004878	0.577558
144300.000000	2.074782	0.008565	0.577579	0.000037	0.577615
144400.000000	2.068611	0.115827	0.570965	0.006708	0.577673
144500.000000	2.051762	0.221942	0.553102	0.024629	0.577731
144600.000000	2.024402	0.325851	0.524699	0.053089	0.577789
144700.000000	1.986802	0.426514	0.486889	0.090957	0.577846
144800.000000	1.939339	0.522925	0.441179	0.136725	0.577904
144900.000000	1.882485	0.614120	0.389390	0.188572	0.577962
145000.000000	1.816807	0.699189	0.333587	0.244433	0.578020
145100.000000	1.742962	0.777279	0.275996	0.302082	0.578078
145200.000000	1.661685	0.847611	0.218913	0.359222	0.578135
145300.000000	1.573788	0.909480	0.164616	0.413577	0.578193
145400.000000	1.480149	0.962268	0.115271	0.462980	0.578251
145500.000000	1.381703	1.005446	0.072848	0.505460	0.578309
145600.000000	1.279433	1.038581	0.039041	0.539325	0.578367
145700.000000	1.174360	1.061342	0.015201	0.563224	0.578424
145800.000000	1.067535	1.073501	0.002280	0.576202	0.578482
145900.000000	0.960025	1.074934	0.000799	0.577741	0.578540
146000.000000	0.852903	1.065626	0.010819	0.567779	0.578598
146100.000000	0.747240	1.045669	0.031944	0.546712	0.578656
146200.000000	0.644092	1.015262	0.063335	0.515379	0.578714
146300.000000	0.544490	0.974707	0.103745	0.475027	0.578772
146400.000000	0.449430	0.924409	0.151564	0.427266	0.578830
146500.000000	0.359862	0.864869	0.204888	0.373999	0.578887
146600.000000	0.276681	0.796681	0.261595	0.317350	0.578945
146700.000000	0.200719	0.720525	0.319425	0.259578	0.579003
146800.000000	0.132736	0.637163	0.376073	0.202988	0.579061
146900.000000	0.073413	0.547425	0.429282	0.149837	0.579119
147000.000000	0.023342	0.452208	0.476931	0.102246	0.579177
147100.000000	-0.016975	0.352464	0.517120	0.062115	0.579235
147200.000000	-0.047135	0.249187	0.548246	0.031047	0.579293
147300.000000	-0.066834	0.143410	0.569067	0.010283	0.579351
147400.000000	-0.075875	0.036190	0.578754	0.000655	0.579409
147500.000000	-0.074167	-0.071402	0.576917	0.002549	0.579467
147600.000000	-0.061725	-0.178292	0.563630	0.015894	0.579525
147700.000000	-0.038674	-0.283412	0.539421	0.040161	0.579583
147800.000000	-0.005241	-0.385709	0.505255	0.074386	0.579640
147900.000000	0.038240	-0.484163	0.462491	0.117207	0.579698
148000.000000	0.091335	-0.577789	0.412836	0.166920	0.579756
148100.000000	0.153515	-0.665651	0.358269	0.221546	0.579814
148200.000000	0.224159	-0.746870	0.300965	0.278908	0.579872
148300.000000	0.302562	-0.820635	0.243210	0.336721	0.579930
148400.000000	0.387943	-0.886207	0.187307	0.392681	0.579988
148500.000000	0.479448	-0.942931	0.135487	0.444559	0.580046
148600.000000	0.576163	-0.990238	0.089819	0.490285	0.580104
148700.000000	0.677123	-1.027655	0.052125	0.528038	0.580162
148800.000000	0.781319	-1.054808	0.023911	0.556310	0.580220
148900.000000	0.887711	-1.071423	0.006304	0.573974	0.580278
149000.000000	0.995236	-1.077335	0.000011	0.580325	0.580336
149100.000000	1.102819	-1.072482	0.005286	0.575109	0.580394
149200.000000	1.209385	-1.056912	0.021921	0.558531	0.580453
149300.000000	1.313870	-1.030780	0.049257	0.531253	0.580511
149400.000000	1.415229	-0.994345	0.086207	0.494361	0.580569
149500.000000	1.512449	-0.947971	0.131302	0.449325	0.580627
149600.000000	1.604558	-0.892120	0.182745	0.397939	0.580685
149700.000000	1.690636	-0.827350	0.238489	0.342254	0.580743
149800.000000	1.769821	-0.754306	0.296312	0.284489	0.580801
149900.000000	1.841322	-0.673717	0.353912	0.226947	0.580859
150000.000000	1.904424	-0.586389	0.408991	0.171926	0.580917
150100.000000	1.958495	-0.493192	0.459356	0.121619	0.580975
150200.000000	2.002993	-0.395058	0.502998	0.078036	0.581033
150300.000000	2.037474	-0.292967	0.538177	0.042915	0.581091
150400.000000	2.061592	-0.187938	0.563489	0.017660	0.581149
150500.000000	2.075105	-0.081021	0.577925	0.003282	0.581208
150600.000000	2.077876	0.026716	0.580909	0.000357	0.581266
150700.000000	2.069878	0.134198	0.572319	0.009005	0.581324
150800.000000	2.051188	0.240349	0.552498	0.028884	0.581382
150900.000000	2.021993	0.344109	0.522235	0.059205	0.581440
151000.000000	1.982583	0.444441	0.482734	0.098764	0.581498
151100.000000	1.933350	0.540342	0.435572	0.145985	0.581556
151200.000000	1.874787	0.630854	0.382626	0.198988	0.581615
151300.000000	1.807477	0.715071	0.326010	0.255663	0.581673
151400.000000	1.732092	0.792151	0.267979	0.313752	0.581731
151500.000000	1.649383	0.861324	0.210849	0.370940	0.581789
151600.000000	1.560178	0.921897	0.156900	0.424947	0.581847
151700.000000	1.465367	0.973265	0.108283	0.473622	0.581905
151800.000000	1.365896	1.014913	0.066940	0.515024	0.581964
151900.000000	1.262759	1.046423	0.034521	0.547501	0.582022
152000.000000	1.156986	1.067481	0.012322	0.569758	0.582080
152100.000000	1.049634	1.077874	0.001232	0.580907	0.582138
152200.000000	0.941775	1.077498	0.001695	0.580501	0.582197
152300.000000	0.834488	1.066356	0.013697	0.568558	0.582255
152400.000000	0.728843	1.044557	0.036763	0.545550	0.582313
152500.000000	0.625897	1.012319	0.069976	0.512395	0.582371
152600.000000	0.526679	0.969962	0.112016	0.470413	0.582429
152700.000000	0.432181	0.917909	0.161209	0.421279	0.582488
152800.000000	0.343347	0.856679	0.215597	0.366949	0.582546
152900.000000	0.261065	0.786883	0.273012	0.309592	0.582604
153000.000000	0.186159	0.709217	0.331168	0.251494	0.582662
153100.000000	0.119378	0.624456	0.387748	0.194973	0.582721
153200.000000	0.061388	0.533448	0.440496	0.142283	0.582779
153300.000000	0.012772	0.437100	0.487309	0.095528	0.582837
153400.000000	-0.025984	0.336375	0.526322	0.056574	0.582896
153500.000000	-0.054493	0.232278	0.555977	0.026977	0.582954
153600.000000	-0.072467	0.125851	0.575093	0.007919	0.583012
153700.000000	-0.079727	0.018155	0.582906	0.000165	0.583070
153800.000000	-0.076200	-0.089733	0.579103	0.004026	0.583129
153900.000000	-0.061918	-0.196735	0.563835	0.019352	0.583187
154000.000000	-0.037024	-0.301783	0.537709	0.045536	0.583245
154100.000000	-0.001765	-0.403825	0.501767	0.081537	0.583304
154200.000000	0.043507	-0.501842	0.457439	0.125923	0.583362
154300.000000	0.098341	-0.594854	0.406494	0.176926	0.583420
154400.000000	0.162190	-0.681932	0.350963	0.232516	0.583479
154500.000000	0.234417	-0.762205	0.293059	0.290478	0.583537
154600.000000	0.314301	-0.834870	0.235092	0.348504	0.583595
154700.000000	0.401044	-0.899200	0.179374	0.404280	0.583654
154800.000000	0.493782	-0.954551	0.128129	0.455584	0.583712
154900.000000	0.591586	-1.000370	0.083401	0.500370	0.583771
155000.000000	0.693481	-1.036197	0.046977	0.536852	0.583829
155100.000000	0.798450	-1.061674	0.020311	0.563576	0.583887
155200.000000	0.905442	-1.076546	0.004471	0.579475	0.583946
155300.000000	1.013391	-1.080661	0.000090	0.583914	0.584004
155400.000000	1.121216	-1.073979	0.007347	0.576716	0.584063
155500.000000	1.227841	-1.056565	0.025956	0.558165	0.584121
155600.000000	1.332200	-1.028592	0.055178	0.529001	0.584179
155700.000000	1.433249	-0.990339	0.093853	0.490385	0.584238
155800.000000	1.529980	-0.942185	0.140440	0.443857	0.584296
155900.000000	1.621425	-0.884613	0.193085	0.391270	0.584355
156000.000000	1.706670	-0.818195	0.249691	0.334722	0.584413
156100.000000	1.784862	-0.743596	0.308004	0.276467	0.584472
156200.000000	1.855219	-0.661558	0.365700	0.218830	0.584530
156300.000000	1.917038	-0.572903	0.420480	0.164109	0.584588
156400.000000	1.969700	-0.478513	0.470159	0.114488	0.584647
156500.000000	2.012678	-0.379333	0.512758	0.071947	0.584705
156600.000000	2.045541	-0.276353	0.546578	0.038185	0.584764
156700.000000	2.067961	-0.170601	0.570270	0.014552	0.584822
156800.000000	2.079711	-0.063134	0.582888	0.001993	0.584881
156900.000000	2.080674	0.044975	0.583928	0.001011	0.584939
157000.000000	2.070838	0.152645	0.573347	0.011650	0.584998
157100.000000	2.050302	0.258801	0.551567	0.033489	0.585056
157200.000000	2.019269	0.362382	0.519455	0.065660	0.585115
157300.000000	1.978048	0.462351	0.478289	0.106884	0.585173
157400.000000	1.927050	0.557711	0.429711	0.155521	0.585232
157500.000000	1.866784	0.647508	0.375657	0.209633	0.585290
157600.000000	1.797850	0.730844	0.318283	0.267066	0.585349
157700.000000	1.720938	0.806885	0.259876	0.325532	0.585407
157800.000000	1.636814	0.874871	0.202766	0.382700	0.585466
157900.000000	1.546319	0.934123	0.149232	0.436292	0.585524
158000.000000	1.450355	0.984046	0.101410	0.484173	0.585583
158100.000000	1.349882	1.024141	0.061209	0.524433	0.585642
158200.000000	1.245903	1.054008	0.030234	0.555466	0.585700
158300.000000	1.139456	1.073345	0.009724	0.576035	0.585759
158400.000000	1.031606	1.081959	0.000499	0.585318	0.585817
158500.000000	0.923428	1.079763	0.002932	0.582944	0.585876
158600.000000	0.816005	1.066778	0.016927	0.569007	0.585935
158700.000000	0.710410	1.043132	0.041931	0.544062	0.585993
158800.000000	0.607698	1.009060	0.076951	0.509101	0.586052
158900.000000	0.508895	0.964902	0.120592	0.465518	0.586110
159000.000000	0.414990	0.911099	0.171118	0.415050	0.586169
159100.000000	0.326921	0.848186	0.226518	0.359710	0.586228
159200.000000	0.245568	0.776792	0.284584	0.301703	0.586286
159300.000000	0.171746	0.697628	0.343002	0.243343	0.586345
159400.000000	0.106193	0.611486	0.399446	0.186958	0.586403
159500.000000	0.049564	0.519225	0.451665	0.134798	0.586462
159600.000000	0.002426	0.421767	0.497577	0.088944	0.586521
159700.000000	-0.034748	0.320085	0.535352	0.051227	0.586579
159800.000000	-0.061587	0.215194	0.563484	0.023154	0.586638
159900.000000	-0.077821	0.108143	0.580849	0.005847	0.586697
160000.000000	-0.083287	-0.000000	0.586755	0.000000	0.586755
